3 0.733937745869221 0.5099658053889078 0.7015691251442823 0.4530037782850277 0.6712798606241174 0.4702156256355897 0.7036484813490562 0.5271776527394698
3 0.4889215266495719 0.018711085399210067 0.4551930746095686 0.016926293183932947 0.45162061115092805 0.08443760424750921 0.4853490631909313 0.08622239646278633
1 0.6161956782234576 0.41240956475798835 0.5795612558035579 0.39770285168909547 0.5556595588301004 0.4572419791186073 0.5922939812500001 0.47194869218750013
1 0.7529307807098493 0.3993557718170722 0.7360702279938393 0.33349168067680834 0.700859530764971 0.3425052692121837 0.7177200834809809 0.4083693603524476
1 0.4986781494283198 0.2550226840623716 0.46141826713095346 0.25131034834051097 0.45425679844088185 0.3231884058386627 0.49151668073824817 0.3269007415605233
2 0.4285264150554111 0.31341652316229573 0.41655811960062 0.25961953694667367 0.38185637485770885 0.26733968565937793 0.39382467031249996 0.32113667187500006
2 0.41330033910564634 0.19523800567068877 0.38648539706126234 0.13506869237988714 0.3522345067994789 0.1503328791739 0.3790494488438629 0.21050219246470164
2 0.7619404518321692 0.08945255068086114 0.7234406268878012 0.0851266593065367 0.7163318195989354 0.14839404456937558 0.7548316445433034 0.1527199359437
0 0.6712195980886577 0.11812174192131308 0.6339657787858021 0.1028355303997501 0.6094082074137205 0.16268445536863343 0.6466620267165761 0.17797066689019642
0 0.7764049222617869 0.25352690220767293 0.7354130906249999 0.24290063437500004 0.720631810550713 0.2999208181048272 0.7616236421875 0.3105470859375001
0 0.43698241967272755 0.020612891180088116 0.401468131791958 0.019337588060293776 0.3988754150443834 0.09153884557898137 0.43438970292515294 0.0928141486987757
3 0.5796230292622209 0.5555656117442138 0.5786280136684769 0.49445944929113794 0.5478190026741812 0.4949611244927298 0.5488140182679251 0.5560672869458056