3 0.9306054232763044 0.4279070509759131 0.92834023125 0.3626507843749999 0.7787257173486954 0.3678442412115869 0.780990909375 0.4331005078125
1 0.8630069562499998 0.5047261906250001 0.8257823396302477 0.4399091539123943 0.7071281727559077 0.5080525942214204 0.7443527893756599 0.5728696309340261
1 0.7317622789728616 0.6012490894605529 0.5970457000452993 0.5917862263291453 0.5914501530867438 0.6714463601614963 0.7261667320143059 0.6809092232929037
1 0.49974093180148227 0.4926996613691596 0.4418384101657165 0.4297230021577648 0.3291781596784319 0.5333060228040946 0.3870806813141977 0.5962826820154894
3 0.34154733575397705 0.5054754180180427 0.2953043230176787 0.44642828712483107 0.18442726684234742 0.533262127200007 0.23067027957864586 0.5923092580932187
3 0.9058325297567297 0.2276656774311976 0.8442303658174758 0.17199357890178296 0.7373897099406536 0.29021465862673657 0.7989918738799073 0.3458867571561512
2 0.6785326401934646 0.3713108139237655 0.6336277356660378 0.31898071629975977 0.5341164954032416 0.40437216302537815 0.5790213999306684 0.4567022606493839
2 0.5810769525771877 0.7737536454673274 0.5752775518483592 0.6916352659147316 0.45149309265056237 0.700377227054254 0.45729249337939093 0.7824956066068498
2 0.8959444479736749 0.19209892980843316 0.8740439842762606 0.12318714447419107 0.7455102143835737 0.1640357329670486 0.7674106780809878 0.23294751830129065
0 0.12907028804683268 0.7459905502638782 0.10530185673146826 0.6904870782060976 0.005736641398859011 0.7331242123221218 0.029505072714223424 0.7886276843799024
0 0.3938655609375 0.7167112421875002 0.2548646529767221 0.7153882918713391 0.2540547123860894 0.8004878425626553 0.39305562034686736 0.8018107928788162
0 0.5036597113775132 0.24511702794237733 0.5031857015480212 0.1616670402646871 0.36793677771753563 0.16243527667919055 0.36841078754702766 0.24588526435688082