3 0.537460936980955 0.6839570140532782 0.4759043888700026 0.6566146960456529 0.42295294229975183 0.7758258129464634 0.4845094904107041 0.8031681309540886
3 0.48897822901990107 0.24371587272033732 0.4579311640625 0.11388888906249998 0.3984783761168068 0.12810653871623667 0.4295254410742079 0.257933522374074
3 0.6420674132532147 0.22841558873982684 0.5868616546875 0.10972222187500003 0.5135795617467853 0.14380663313517314 0.5687853203125 0.26249999999999996
1 0.41585287533346993 0.2231757831728079 0.344922103125 0.20138888906250005 0.3103952156154047 0.3137967788980637 0.38132598782387456 0.33558367300837155
1 0.32772041088246445 0.4465792147230738 0.29200253699725925 0.3296065784796107 0.21994766766721607 0.35160870494437396 0.25566554155242127 0.4685813411878371
1 0.5158403554487361 0.6306720671524915 0.4492132996993319 0.5136729387662963 0.3764095940358546 0.5551321925480198 0.4430366497852588 0.6721313209342149
2 0.5701841026478199 0.3644075263911782 0.511350053125 0.33194444375000015 0.45694522921925956 0.4305443253241082 0.5157792787420794 0.4630074079652863
2 0.6838893363725058 0.11170386033819288 0.6194647958060318 0.10919735547323203 0.6148192825734009 0.22860069671206767 0.679243823139875 0.2311072015770285
2 0.2631451304317656 0.5970029795940324 0.2455296210146654 0.487163719748251 0.1692078362377741 0.49940385246905483 0.18682334565487424 0.6092431123148361
0 0.3587549102250647 0.9100869668602867 0.29740468780898305 0.902700328506131 0.2858643600356284 0.9985492981868351 0.34721458245171 1.0059359365409908
0 0.772613080786642 0.5594856592262639 0.7422961791430508 0.4456662112392113 0.6726883071475683 0.46420693557260284 0.7030052087911597 0.5780263835596554
0 0.2988971666246603 0.7717021148744656 0.26416292031250005 0.6541666671875002 0.18661611360771918 0.6770834122019835 0.2213503599198794 0.794618859888949