3 0.8146092390452054 0.4899734650159814 0.7737552265625001 0.47792875937500023 0.7569127109547946 0.5350562943590188 0.7977667234375 0.547101
3 0.8122808202684173 0.8183986369165395 0.7644032687500001 0.7634686953125003 0.7305971559218807 0.7929344813902102 0.7784747074402979 0.8478644229942492
3 0.8784194445032126 0.7811209386870439 0.8439866308384258 0.7134881115571896 0.8053009645203375 0.7331835227407458 0.8397337781851242 0.8008163498706
2 0.8169097692881676 0.6548338212125794 0.77558831710967 0.6465172421418084 0.7622453174166539 0.712812784941423 0.8035667695951515 0.7211293640121939
2 0.7611775992252823 0.8719302596291157 0.7507461845217752 0.7969740875501022 0.7137899732132176 0.8021171672370375 0.7242213879167247 0.877073339316051
2 0.9738523677819024 0.4967152795559537 0.9346720805147586 0.46372854617104464 0.893904647520038 0.5121504289091492 0.9330849347871819 0.5451371622940583
1 0.9026073480756882 0.6618834814797656 0.858504057709126 0.6577871402882992 0.8527649567612535 0.7195772167776103 0.8968682471278158 0.7236735579690767
1 0.9514808268972741 0.5812604445967876 0.9059762888897701 0.5575852878800223 0.876763835137661 0.6137327181994163 0.922268373145165 0.6374078749161814
1 0.8559720104684938 0.5633538238273643 0.8030762187499999 0.5319480890625001 0.7743432509129764 0.5803422149614981 0.8272390426314704 0.6117479497263623
0 0.8732018567426936 0.30293079845456755 0.8316656786089819 0.301400461378762 0.8295595219226666 0.3585654485462172 0.8710957000563783 0.36009578562202277
0 0.7101600936894819 0.7274075279621756 0.6746261235751276 0.665955121256177 0.6374062625073871 0.6874769704681853 0.6729402326217411 0.7489293771741841
0 0.9482822826939463 0.4114944319594535 0.9041564209012571 0.38436182412327147 0.8691108803005612 0.44135651812147253 0.9132367420932503 0.4684891259576546