3 0.49946465296475206 0.4725897714543377 0.4652396198301164 0.45911366432067224 0.4401457711433118 0.5228440720907253 0.4743708042779475 0.5363201792243908
3 0.47320037942662535 0.24093165157124902 0.4546875 0.16805555625000004 0.4225857175320373 0.17621044470264557 0.4410985969586627 0.24908654002389455
3 0.5561087211210379 0.22771306939007996 0.5210937500000001 0.16250000000000003 0.48217252887896206 0.1833980415474201 0.5171875 0.2486111109375
1 0.3844782033688518 0.3555064770528138 0.3600901997586061 0.28505224372354854 0.32826638870814806 0.2960681782120154 0.35265439231839374 0.3665224115412807
1 0.4366767926553773 0.22986846190831017 0.39609375 0.21388888906250006 0.3712033453770794 0.2771026158791368 0.4117863880324566 0.29308218872494696
1 0.49221150786370604 0.44192785481718994 0.45078125 0.37777777812500013 0.41247599213629405 0.4025165904953102 0.45390625 0.46666666718750005
2 0.517036863419465 0.2909732402585733 0.4808221117126844 0.2768703801511113 0.45441918616409194 0.3446704849375841 0.4906339378708725 0.3587733450450461
2 0.5734375 0.16111111093750008 0.540625 0.16111111093750005 0.540625 0.2277777781250001 0.5734375 0.2277777781250001
2 0.3478536318615147 0.4381214349525882 0.3375483903882321 0.36941982427193415 0.3026054401066824 0.3746612667486485 0.312910681579965 0.4433628774293026
0 0.6294325812950717 0.3984275029188634 0.6109374999999998 0.334722221875 0.5753066519035148 0.3450666614781015 0.5938017331985866 0.40877194252196497
0 0.4048401580603449 0.6137931032758621 0.3688918821982759 0.6107974136206897 0.3638811063362069 0.6709267239655172 0.39982938219827596 0.6739224136206896
0 0.36574754889705885 0.5296568627757353 0.34977022058823526 0.4657475495404412 0.3134140113970588 0.47483660183823523 0.3293913397058823 0.5387459150735294