3 0.23310041250000008 0.5298871515624999 0.09122313539320305 0.5282033378386437 0.09044754235875455 0.5935544074442214 0.23232481946555156 0.5952382211680776
1 0.30046955000000003 0.457251609375 0.2607161756213187 0.38793420466959094 0.14492683906249998 0.4543391265625 0.1846802134411813 0.523656531267909
1 0.40624921436380274 0.3032323131359029 0.27702399943286066 0.28430506126675786 0.2655276427092749 0.3627960740560995 0.39475285764021706 0.3817233259252445
1 0.6756334374999998 0.44768743750000006 0.5390781905513734 0.4035636836458825 0.5122617627749942 0.4865558046107162 0.6488170097236207 0.5306795584648337
3 0.8206313906249998 0.45367422656250006 0.7029104717009789 0.40606582114241485 0.6717866690913017 0.4830253960597318 0.7895075880153225 0.530633801479817
3 0.28689419615601514 0.673257407947158 0.21726250023696286 0.6176177758678021 0.12630334333530505 0.7314510295707789 0.19593503925435735 0.7870906616501349
2 0.4831693278792969 0.5702672626546916 0.43549329101998346 0.5147270476954735 0.34073704171273106 0.5960663518004365 0.3884130785720445 0.6516065667596547
2 0.5308956727537988 0.278467722939517 0.5299078590811519 0.19523511881831535 0.4141388790855515 0.1966090777676414 0.4151266927581984 0.27984168188884306
2 0.28561774922676286 0.8024326851303852 0.265791161405463 0.7303679147899407 0.13909766809013538 0.7652240540621126 0.15892425591143522 0.8372888244025569
0 0.9810544451017528 0.2679739175123179 0.9587694243285826 0.20928361801593937 0.8624938317945137 0.24583997567609042 0.8847788525676838 0.30453027517246894
0 0.7324682884225285 0.1873480351571953 0.6040344894790606 0.17905133516407493 0.5985503328124999 0.2639466640625 0.726984131755968 0.27224336405562044
0 0.665445351590738 0.7367178126673423 0.5343008985422479 0.7313651704593573 0.5309071666385142 0.8145145940551337 0.6620516196870042 0.8198672362631187