3 0.45253380312500013 0.775940978125 0.3960873713150709 0.7528713260690326 0.37980630637595636 0.7927075585206202 0.43625273818588556 0.8157772105765876
3 0.1697631984375 0.7368400234375 0.1454731049367252 0.7005151655982276 0.08352265372516472 0.7419408542823305 0.10781274722593955 0.7782657121216028
3 0.20735803777039682 0.8206130342922267 0.19258559947056092 0.7807710298742068 0.12054708345447836 0.8074811452061054 0.1353195217543143 0.8473231496241252
2 0.28342995496236784 0.7636172410392286 0.2229743291735385 0.7382887342069413 0.2060256603393475 0.7787428512791917 0.26648128612817684 0.804071358111479
2 0.13921101326731614 0.7198160338341917 0.13801075924264286 0.6828101872951258 0.06237441267211367 0.6852633896367348 0.06357466669678695 0.7222692361758007
2 0.44123540400806655 0.9358388309787633 0.3967879359450361 0.8914297322144747 0.3601455867796351 0.9281037402353997 0.40459305484266556 0.9725128389996882
1 0.2591100801116471 0.841540362393499 0.19830514049290177 0.8282182728348839 0.18878761995713336 0.8716583247089785 0.24959255957587864 0.8849804142675936
1 0.35144713373647013 0.8975473374541585 0.29671469220212143 0.864041826566446 0.26986096086675787 0.9079083500532107 0.3245934024011066 0.9414138609409232
1 0.3941666421875 0.7992743671875002 0.34834535812533474 0.7655761597253633 0.31170600937500015 0.8153966734375002 0.35752729343716544 0.849094880899637
0 0.6162894970770659 0.8510331549270402 0.5610049849858151 0.8444719604436619 0.556091772224111 0.8858706068363935 0.6113762843153617 0.8924318013197718
0 0.2803748882813225 0.6560425296687035 0.26132062693343355 0.6172302914035116 0.1980947435716603 0.6482700499790124 0.2171490049195492 0.6870822882442043
0 0.5248501423475286 0.9147707036699504 0.47399603652321937 0.8732872948906885 0.44016349025408025 0.9147622830584098 0.4910175960783894 0.9562456918376718