3 0.5483868421990825 0.3574137415326827 0.5359732858800624 0.3022423825285624 0.5086086217535437 0.3083994322264 0.5210221780725639 0.3635707912305203
3 0.6077050083979331 0.35735053723106786 0.5859375 0.3083333328125 0.5535155224518952 0.32273125037894196 0.5752830308498282 0.3717484547975098
3 0.562444766210288 0.5091140032250087 0.5326659958721811 0.49617038961374016 0.5079321430438406 0.5530744154192128 0.5377109133819475 0.5660180290304814
2 0.5799680282442179 0.42514062172602324 0.5554687500000002 0.37916666718750014 0.5270632217557824 0.3943038235864769 0.5515625000000001 0.440277778125
2 0.4464293347062414 0.4735925848509176 0.43984375 0.4194444437500001 0.4168519152937586 0.4222407479615825 0.4234375 0.4763888890625
2 0.6252166999344662 0.3130638222837382 0.5999298587023656 0.3096057922812827 0.5929739596629376 0.3604707976489737 0.6182608008950382 0.3639288276514292
0 0.45824024794549967 0.5411222135724888 0.4453124999999999 0.4888888890625001 0.42001818481712816 0.49514923213286427 0.4329459327626278 0.547382556642853
0 0.4851311167943388 0.6010301816096042 0.4568632044526697 0.5942155957203552 0.4443883376583308 0.6459631922357509 0.4726562499999999 0.652777778125
0 0.6617145080541758 0.4833182507293191 0.646875 0.43055555625 0.616105769352158 0.4392094025049219 0.6309452774063338 0.491972096984241
1 0.5194393057812752 0.3345316859118955 0.4909640639284262 0.3249212919066889 0.47276770071288654 0.37883644284889373 0.5012429425657355 0.3884468368541004
1 0.4781856858021197 0.4260420020983715 0.46560126743232066 0.3670604851900442 0.44042723115527577 0.3724316696080242 0.4530116495250748 0.43141318651635147
1 0.5586401147083648 0.4931379826972952 0.52734375 0.4375 0.49292238529163523 0.45686201730270487 0.52421875 0.5125000000000001