3 0.8197807255818063 0.5402167062977126 0.8142828636895898 0.5100837929149851 0.7569512383688062 0.5205441607548451 0.7624491002610225 0.5506770741375726
3 0.37426965912552845 0.5198613761272475 0.3713935419990954 0.49258606209150085 0.3076368072757859 0.4993090584398778 0.31051292440221895 0.5265843724756245
3 0.3870194119428444 0.3705500610215665 0.32035619238286356 0.34852611398205685 0.3099764271589553 0.37994412306376824 0.37663964671893624 0.40196807010327795
1 0.4553349046874999 0.47585504843750004 0.43730021590835444 0.44396085753056375 0.3826918319921791 0.4748393711612743 0.4007265207713246 0.5067335620682105
1 0.4883010369540114 0.32208968671932103 0.424546145403837 0.31589225124832815 0.4214006661902977 0.3482507464793238 0.4851555577404721 0.3544481819503167
1 0.6104935812499999 0.5642925859375 0.5996679849102822 0.5316595180890944 0.5361536276701073 0.5527295810219719 0.5469792240098252 0.5853626488703775
0 0.7127880083379438 0.3817667097308017 0.6653116379104179 0.35178352554176556 0.6435982266276865 0.38616526267831486 0.6910745970552123 0.416148446867351
0 0.830328358431974 0.5891558392334982 0.823725551399621 0.5564590186400912 0.7645440279055661 0.5684101555524885 0.771146834937919 0.6011069761458956
0 0.5730736395008862 0.3097456652045776 0.5602358140303488 0.27259426029628714 0.5018783505414548 0.2927599292130633 0.5147161760119922 0.32991133412135376
2 0.7279021859375 0.6196766687500002 0.6702871546791782 0.60550926769754 0.6619943593750001 0.6392338484375001 0.7196093906333217 0.6534012494899603
2 0.6122446000000001 0.6105975718750001 0.5575739367582057 0.606184707152219 0.5548385093538439 0.6400737202629554 0.6095091725956383 0.6444865849857364
2 0.7152998087118035 0.297724498386993 0.7008657657581755 0.2618343757208244 0.6510592093749998 0.2818652343750001 0.6654932523286279 0.31775535704116875