3 0.5393563652676032 0.9549007695236111 0.519609240625 0.8136776515624999 0.45534389748555276 0.8226638271936298 0.475091022128156 0.963886945154741
1 0.6548199429400883 0.7657957437215306 0.5814524621823076 0.7371203084707133 0.5319442801797194 0.8637893741241829 0.6053117609375 0.8924648093750001
1 0.7559984209639442 0.7398501908257156 0.7208477088323504 0.613169341055323 0.6449691065275551 0.63422372229288 0.6801198186591491 0.7609045720632727
1 0.6051851502928237 0.4931842911830743 0.544107709375 0.361916040625 0.46558168157938234 0.39845319871774343 0.526659122497206 0.5297214492758178
3 0.5818957300222544 0.3300694556514635 0.5196955515624998 0.2179141796875001 0.4475745629749868 0.25791174843565784 0.5097747414347413 0.3700670243996213
3 0.41756231464739785 0.9172055868467297 0.37371266959314686 0.7768995344767096 0.28873356108785353 0.8034579307970382 0.3325832061421045 0.9437639831670583
2 0.5092421585582901 0.6095836819973819 0.4478853153919976 0.5690348616708666 0.3788787312620309 0.6734528478369218 0.4402355744283234 0.7140016681634371
2 0.8236814753167506 0.5928703664660789 0.8116096585215974 0.47655560109652095 0.7298476244648134 0.48504133627207324 0.7419194412599666 0.6013561016416312
2 0.3169639199929529 0.8039654793573467 0.24243335845652741 0.7947794637577913 0.22616895712928825 0.9267403722534819 0.30069951866571365 0.9359263878530373
0 0.7433233744656469 0.05029771362396114 0.6822950018885917 0.03507320484407865 0.6572854487021045 0.13532552509413875 0.7183138212791597 0.15055003387402124
0 0.817927775819876 0.4004004460485196 0.7933880369950621 0.2733892202502842 0.7104673939876862 0.28941025232676465 0.7350071328125001 0.416421478125
0 0.28258990489126157 0.5374694313325574 0.2605879874408329 0.407316451286497 0.1791249251078983 0.4210875041818979 0.20112684255832694 0.5512404842279583