2 0.7525788663611992 0.6525009539515249 0.7076434045833522 0.6186571146131977 0.6846686505324519 0.6491613718929128 0.7296041123102989 0.6830052112312399
2 0.8012040909452379 0.737718585805316 0.7639106584462532 0.6837649852269798 0.7396809499744424 0.7005128757788177 0.7769743824734273 0.7544664763571538
2 0.9537795518205447 0.34533231521865126 0.9363136140896238 0.2978937779293112 0.8980229906778803 0.311991633436714 0.9154889284088015 0.35943017072605404
1 0.9593894711776016 0.70455678459668 0.9498963467167216 0.6492966213580776 0.9122622684690246 0.6557617667329345 0.9217553929299047 0.7110219299715369
1 1 0.48489756875000023 0.981914859375 0.48489756875000023 0.981914859375 0.5366553968750002 1 0.5366553968750002
1 0.8413886847961496 0.6900324275670472 0.8283525288429864 0.6245672866622771 0.7887899180437822 0.6324454391746649 0.8018260739969454 0.6979105800794349
3 0.7614493059430106 0.5143044838801213 0.7400125616909079 0.4643089952933998 0.7104755423098209 0.4769736886155476 0.7319122865619236 0.5269691772022691
3 0.9877208191834723 0.7771851895330943 0.9471162424714133 0.7313559766572902 0.9174426506017179 0.7576467104881457 0.9580472273137769 0.8034759233639498
0 0.7272618091038818 0.5602949957939669 0.7083265792073726 0.5040289085750927 0.6798587141308781 0.5136092010128689 0.6987939440273874 0.5698752882317429
0 0.892853426595121 0.4435673661880414 0.8884637297366451 0.39444820261306346 0.85043930625 0.39784638125000005 0.854829003108476 0.44696554482497797
0 1 0.40161249218750017 0.96175340625 0.40161249218750017 0.96175340625 0.4553841375000002 1 0.4553841375000002