3 0.5483939263131529 0.6531133417439831 0.5279337729782314 0.6257161669184892 0.47462476642199886 0.6655272224459337 0.49508491975692015 0.6929243972714276
3 0.9601968453410346 0.38265788222642455 0.9572923726993563 0.3492190287012848 0.8886142656780793 0.35518435531679166 0.8915187383197575 0.3886232088419314
1 0.5906593805053765 0.5234598498721994 0.522666289976175 0.5141658177910917 0.5175340577703872 0.5517120975908306 0.5855271482995886 0.5610061296719383
1 0.6712104734145059 0.6705052695986234 0.6577986442599169 0.6373085962670564 0.5944404527145559 0.6629060177936907 0.6078522818691449 0.6961026911252578
1 0.7244352583989223 0.3894354990511886 0.652859872581781 0.38793053759207413 0.6520583773197396 0.4260493427374093 0.723633763136881 0.42755430419652385
2 0.7116637369767488 0.3452978776603003 0.7001041293487305 0.31252382037387516 0.6474042332443746 0.33111139150306845 0.6589638408723928 0.36388544878949364
2 0.8324713938555126 0.29781199009540393 0.8133030715566848 0.2663583843674332 0.7563785777268075 0.30104906669700787 0.7755469000256353 0.3325026724249786
2 0.9182298411476048 0.6620530391701689 0.9171440086897075 0.6234887261468083 0.8527261377359945 0.6253025018805498 0.8538119701938918 0.6638668149039105
0 0.8896149324184529 0.5362568142829619 0.8241116064013243 0.5237555650699945 0.8166109595077335 0.5630570229035522 0.8821142855248623 0.5755582721165194
0 0.761356596875 0.6572774250000001 0.697604708576497 0.6556377336402883 0.6965641191470415 0.6960962874274571 0.7603160074455445 0.6977359787871689
0 0.9529502293241471 0.3316310757263324 0.9493066195461826 0.29652478529106646 0.8760964277472365 0.3041231207283344 0.879740037525201 0.33922941116360034
3 0.4951225106182844 0.5374226311462322 0.4904101642402634 0.5072381738445697 0.42874001012001867 0.5168660139112694 0.43345235649803965 0.547050471212932