2 0.31444617539466735 0.6501940616072629 0.29135783837186324 0.6196367204079307 0.2469786277375518 0.6531685046442303 0.27006696476035597 0.6837258458435624
2 0.23676044576484948 0.6860978722407765 0.22733521319966993 0.6579322492495356 0.1658963066084183 0.678491921703895 0.17532153917359786 0.706657544695136
2 0.5543698609646617 0.9639209123423133 0.5516466185784921 0.9227829197905428 0.5017672942785648 0.9260848186363877 0.5044905366647344 0.967222811188158
1 0.22260808276840027 0.840408300606077 0.1690294722126669 0.8304388474055756 0.16191915447120814 0.8686516698678929 0.21549776502694148 0.8786211230683942
1 0.3636566281081014 0.9611077667975134 0.3192871718560549 0.9347660849609817 0.29397467430307633 0.977402001671863 0.33834413055512286 1.003743683508395
1 0.27738711381241293 0.7246817570689756 0.21180286853265207 0.7210250278398145 0.20956167094997138 0.7612214008200073 0.2751459162297323 0.7648781300491685
3 0.4517200941554577 0.725954469309998 0.447851158583631 0.6937207272949765 0.3944685400087232 0.7001281097150959 0.3983374755805499 0.7323618517301174
3 0.25190381994595923 0.95354038618975 0.21983994342216703 0.927968797164004 0.18199808265997736 0.9754182047736665 0.21406195918376952 1.0009897937994123
3 0.14048165904180732 0.8518927329749552 0.12661863274112897 0.8163341031281389 0.06826489070986907 0.8390841208877458 0.08212791701054742 0.874642750734562
0 0.42291740808231715 0.6838574593843998 0.42178364485678016 0.6535273457505146 0.36309190242938283 0.6557212887080026 0.36422566565491976 0.6860514023418878
0 0.48366742500000004 0.8520286578125 0.43555494299509967 0.8427269000831673 0.42828536812540374 0.8803281041006157 0.47639785013030417 0.8896298618299484
0 0.4445998250782154 0.9557442151914619 0.38860685822339625 0.9547232218953733 0.3878469587846763 0.9963973682861912 0.44383992563949526 0.9974183615822799