3 0.722156590931019 0.5164104250569945 0.6966544741945252 0.4564955871987274 0.664081134079059 0.4703600847391729 0.6895832508155528 0.53027492259744
3 0.5377452544113797 0.007877019293383913 0.5046394100901745 0.0020465271574176326 0.4930532711555634 0.06783323999542798 0.5261591154767685 0.07366373213139425
1 0.6161265107643757 0.4097548659043454 0.5819519918224432 0.3912517913395502 0.5513674841830676 0.44774028637270485 0.585542003125 0.46624336093750013
1 0.7543518726383353 0.40822974248748 0.745478665960688 0.34029839052283817 0.7091729217377587 0.3450406540397416 0.7180461284154059 0.4129720060043834
1 0.5185831735447823 0.2439074998179307 0.4822818050557777 0.23578088057950186 0.46663113775447956 0.3056919498857443 0.5029325062434842 0.31381856912417305
2 0.4423420452428795 0.29593327756645876 0.4361630506616829 0.2409624990758079 0.40030694448130344 0.24499290744684918 0.4064859390625 0.2999636859375
2 0.4415146468617731 0.1771986935732194 0.4219335774509275 0.1143480832001377 0.3856546744613024 0.12565075334721126 0.405235743872148 0.18850136372029297
2 0.800667528889693 0.10045272522260502 0.76323314195183 0.09158309843102588 0.748595622022134 0.15336096098767152 0.7860300089599971 0.16223058777925065
0 0.7068412425224374 0.12108921878798125 0.672128113092172 0.10196162762988319 0.640664897434222 0.1590616915323038 0.6753780268644874 0.17818928269040185
0 0.7948300667171881 0.2650771495639574 0.7558455265624999 0.24988115000000008 0.7346887051578117 0.3041578660610427 0.7736732453124999 0.319353865625
0 0.4858455346244508 0.005660995152907866 0.4508915161956838 0.0001094231011437019 0.4396855031960564 0.07066514700235974 0.4746395216248234 0.07621671905412389
3 0.5690782053631002 0.48870988140292815 0.5384984347651197 0.48546665030534986 0.5321511106371751 0.545314286783833 0.5627308812351556 0.5485575178814113