3 0.7130687226777546 0.5134028626325648 0.7071186755164004 0.4870772008926821 0.6492602651571555 0.5001541853848493 0.6552103123185096 0.5264798471247321
3 0.7186690484375001 0.5570536421875001 0.6970633320352044 0.527925953295182 0.6545968437397142 0.5594258400903801 0.6762025601420099 0.5885535289826981
3 0.5235726335579243 0.5445771189015426 0.4649292819116707 0.5293767364688403 0.4565886903384655 0.5615548903232426 0.5152320419847192 0.576755272755945
2 0.6424770671875 0.5415339015625001 0.595709208645005 0.5203839148395608 0.5822053647855456 0.5502442579060725 0.6289732233280406 0.5713942446290118
2 0.5748103015625 0.43641405312500015 0.567201489453122 0.4141847347363992 0.5155608125000001 0.43186067968749986 0.5231696246093781 0.45408999807610073
2 0.7236836469762162 0.5953717698689867 0.7207841208860659 0.5699970360944107 0.6700322617220958 0.5757963615603199 0.6729317878122462 0.6011710953348959
0 0.508863534375 0.4558179640624999 0.497188358593466 0.4319846592413711 0.44912977628171813 0.45552702571182174 0.4608049520632521 0.4793603305329507
0 0.41053568421162073 0.5159611942309245 0.4095947027748599 0.48738872843468084 0.35592836188509086 0.4891561303423872 0.3568693433218518 0.5177285961386309
0 0.6153092421874999 0.6414705500000001 0.6000248472687494 0.6126959049960699 0.5518691664947853 0.6382750369864045 0.567153561413536 0.6670496819903347
1 0.6792765658769073 0.46862848849361266 0.6248779486001748 0.4596092204514878 0.6198050395965747 0.49020585357932556 0.6742036568733073 0.4992251216214504
1 0.6318234328083582 0.4511098203340513 0.6210982454050021 0.42721512409732576 0.5665857605182254 0.4516831738453151 0.5773109479215816 0.47557787008204055
1 0.5789796468749999 0.5257817062500002 0.551819842252577 0.4958622292139373 0.5055207343032762 0.5378908624209886 0.5326805389256991 0.5678103394570514