1 0.15191730468749995 0.4384262453125 0.08326195921292509 0.4065080966137969 0.0671223578125 0.44122407968750005 0.13577770328707486 0.4731422283862031
1 0.20879233838137395 0.5062862575719942 0.20079083728532474 0.46931354343601905 0.1277516640625 0.48512041718750004 0.1357531651585492 0.5220931313234752
1 0.34512597684026847 0.42301891439055916 0.32862229787833114 0.37823864362851395 0.24855114833594766 0.4077487051728676 0.2650548272978851 0.4525289759349128
3 0.420038384435877 0.4108367279361323 0.3580676119156384 0.3732067541510154 0.33817206914405584 0.4059716495587306 0.40014284166429437 0.4436016233438475
3 0.11779353705281495 0.4064310027416126 0.11403328202982803 0.36768959583430105 0.03732132812499999 0.3751352859375 0.041081583147986905 0.41387669284481154
3 0.14143715777323743 0.3312473795011064 0.12866595434674793 0.2850027464059541 0.05394444172518949 0.3056383007212279 0.06671564515167898 0.3518829338163802
2 0.24485915865344232 0.3731767355231421 0.1849054772255943 0.3282109882217116 0.16097965895964497 0.36011173428518645 0.220933340387493 0.405077481586617
2 0.13973684739666214 0.26666861451767176 0.06683748369987827 0.25442069595173533 0.060685666778841074 0.2910361858987355 0.13358503047562492 0.30328410446467186
2 0.2729159185888886 0.5522744528779964 0.27276850840054034 0.5219348239071884 0.20371314888646946 0.5222703409816463 0.20386055907481765 0.5526099699524543
0 0.5251638325389368 0.5047886263755833 0.4648897343105746 0.48933059710332366 0.4570313402799365 0.5199721236121306 0.5173054385082988 0.5354301528843901
0 0.3743829937500001 0.5459752000000001 0.3689427360144445 0.5143802736319791 0.3023607640625 0.5258448703124998 0.30780102179805563 0.5574397966805209
0 0.3333746103998491 0.27738888270891016 0.3299022386999705 0.2351368418207715 0.25820298834215344 0.24102925417794338 0.2616753600420321 0.283281295066082