3 0.6768500785673804 0.5401511934791504 0.6685094261611582 0.5133948204639589 0.6144672594012276 0.5302411593891849 0.6228079118074499 0.5569975324043763
3 0.674538446875 0.5904904359375001 0.6576214289249066 0.559371655552792 0.6104242799154486 0.5850293133117249 0.6273412978655419 0.616148093696433
3 0.4823837145598474 0.5552405078068994 0.42712859214716026 0.5312906315508619 0.4134647262714264 0.5628147435555695 0.4687198486841135 0.586764619811607
2 0.6015263531249999 0.5658651828125001 0.5842074477260286 0.538801313057763 0.5402284078125001 0.5669446953125001 0.5575473132114712 0.5940085650672372
2 0.5525742140625001 0.453807528125 0.5479244095189895 0.431125057090498 0.4944900171875001 0.4420788671875001 0.4991398217310107 0.46476133822200216
2 0.6742889689211651 0.6034889079389842 0.6227657067622637 0.6031095135941719 0.6225785568692871 0.6285252139879509 0.6741018190281884 0.6289046083327633
0 0.4836668812499999 0.4649172687500001 0.4753931528389212 0.4402329249550049 0.42433893140256496 0.4573453410642445 0.43261265981364366 0.4820296848592397
0 0.3792715954064149 0.4826776419064734 0.32232911373460515 0.48221024963961145 0.32210156117757915 0.5099330174868861 0.379044042849389 0.510400409753748
0 0.55714285625 0.6612284093750003 0.54604929756492 0.6312876941398862 0.49462605214084154 0.6503409060090619 0.5057196108259214 0.6802816212441759
1 0.6506194611552678 0.4983219454345661 0.5969582394086936 0.4824278794830203 0.5880641802728632 0.5124558207895383 0.6417254020194374 0.5283498867410841
1 0.6068349849874692 0.4752290566411529 0.5994524829276268 0.45058997200229134 0.5416041472989311 0.4679228178931538 0.5489866493587736 0.4925619025320154
1 0.5411693234375001 0.5425600203125 0.5191735821931814 0.5098442273616948 0.4660662706651026 0.5455497560129355 0.4880620119094212 0.5782655489637408