1 0.24194073758281548 0.6895616617633855 0.20927469661562884 0.6829992874912382 0.19936520903281335 0.7323265147903526 0.23203125000000008 0.7388888890625
1 0.14016666701866654 0.8431388882797499 0.10738541691966667 0.7994305559071251 0.07355208339533337 0.82480555668475 0.10633333349433323 0.868513889057375
1 0.34345376074686307 0.741806208457185 0.3067226356692078 0.7409453226997261 0.3053433312309596 0.7997956444787826 0.34207445630861477 0.8006565302362414
3 0.3656181437095003 0.98229773764012 0.35703124999999997 0.9277777781250001 0.32562287408972546 0.9327245973803364 0.3342097677992258 0.9872445568954564
3 0.2536887269714285 0.6553976133487722 0.24560465040995813 0.597910847587658 0.2147691226186133 0.6022470937510697 0.22285319918008364 0.6597338595121839
3 0.15237294113850436 0.7289868736161422 0.11322858792272283 0.690712397960828 0.08646451387981458 0.7180847485911483 0.1256088670955961 0.7563592242464627
0 0.4039062500000002 0.8986111109375001 0.37578125000000007 0.8986111109375001 0.37578125000000007 0.95694444375 0.4039062500000002 0.95694444375
0 0.2196499102950935 0.9527866294528259 0.18347396765485133 0.9465254085811434 0.1747702534925815 0.9968135346102661 0.21094619613282362 1.0030747554819486
0 0.11460534502388305 0.895539844654176 0.07596851059300665 0.8926420819994163 0.0720760177228599 0.9445419856372086 0.1107128521537363 0.9474397482919683
2 0.4044091425234454 0.755824544502931 0.3859375 0.7027777781250001 0.3583323331697431 0.7123902919181258 0.3768039756931885 0.7654370582960566
2 0.4364018113653797 0.7968416200134952 0.40495153003819195 0.7799932544150603 0.37870596867281237 0.8289849672140651 0.41015625 0.8458333328125001