2 0.3636317606198559 0.6389970817480318 0.30783210110240794 0.6196529489044115 0.2960593462468264 0.6536123782484093 0.35185900576427437 0.6729565110920296
2 0.28777964879009854 0.6824678181638316 0.27679439057217 0.6544622208578325 0.21657077506059935 0.6780850688186626 0.22755603327852797 0.7060906661246618
2 0.6291478839989164 0.9447966778654162 0.6244894976516411 0.9036992512362227 0.5742213633612208 0.9093971357435496 0.5788797497084961 0.9504945623727432
1 0.28804165850052355 0.8370969215320259 0.23367071785858728 0.829646865860173 0.2284298626877848 0.8678949324459383 0.2828008033297211 0.875344988117791
1 0.43900576745768916 0.9509968523196436 0.392628315456518 0.9269080353683383 0.37016763826477794 0.9701508803980229 0.4165450902659491 0.9942396973493282
1 0.33310943705238266 0.7190116423370754 0.2667689375946069 0.7184107188076756 0.2664049150347942 0.7585979260817791 0.33274541449256995 0.7591988496111789
3 0.5058020516472893 0.7122147666508383 0.500387611699456 0.6800278273761332 0.4468940375784092 0.6890264383407054 0.4523084775262425 0.7212133776154104
3 0.32641034020401344 0.9483293959047618 0.29086087289546564 0.9252529551272201 0.25907908393150797 0.9742130906469463 0.2946285512400558 0.9972895314244881
3 0.20553283463787383 0.8503872484570157 0.1861075710858789 0.8147773415890066 0.1332638181423898 0.8436036969009877 0.15268908169438475 0.8792136037689968
0 0.47335347667021077 0.6715338693594244 0.47080200563994107 0.641227637898709 0.4116424940500435 0.6462082564946632 0.4141939650803132 0.6765144879553786
0 0.5490433671875 0.83643723125 0.5008575814550873 0.8294951289499695 0.4954348929271489 0.8671345206223895 0.5436206786595617 0.8740766229224202
0 0.5215755175651893 0.9823308136746279 0.5192508303712685 0.9404017404614742 0.46335709989349516 0.9435006746735801 0.46568178708741587 0.985429747886734