1 0.3082062312500001 0.6100473078125 0.3022266192844335 0.5870485622394489 0.251170446875 0.6003230296875001 0.2571500588405665 0.6233217752605512
1 0.2844250094109916 0.5093556727848665 0.283391031263149 0.4797163004987679 0.22216443986901627 0.4818522079990125 0.22319841801685886 0.5114915802851112
1 0.40634186482944196 0.40672992797710295 0.3419821884210699 0.3964075590091964 0.3370821569548043 0.4269591155889116 0.4014418333631763 0.43728148455681826
3 0.5615374696827737 0.41287869394619514 0.5132798789418256 0.4072662971407207 0.5106111320956692 0.4302132300745055 0.5588687228366174 0.43582562687997994
3 0.22119619843750007 0.4647054671875 0.16379841971347445 0.4622292814810085 0.16280872728968254 0.48517026954855585 0.22020650601370811 0.48764645525504735
3 0.23023770625000006 0.5854346203125 0.21832611157231083 0.5578959246835289 0.1638872814754957 0.5814429106256906 0.17579887615318493 0.6089816062546618
0 0.482940853125 0.5461626140625 0.46120938223826424 0.5185692152888901 0.42042910000000006 0.5506861546875 0.4421605708867358 0.5782795534611099
0 0.5740188239029913 0.36901887017714335 0.5183493849229377 0.36527545636054937 0.5165065518080529 0.3926807849364976 0.5721759907881065 0.39642419875309154
0 0.37218018906249994 0.61796768125 0.319965677645352 0.6028310713337783 0.3106516262098579 0.6349603689578996 0.36286613762700587 0.6500969788741214
2 0.4957213640624999 0.35438824843750005 0.48476040578191526 0.3249845391716516 0.4358975781249999 0.34319936406249996 0.4468585364055845 0.3726030733283484
2 0.4047384088326919 0.3723999396693325 0.403786059932274 0.34510051792648383 0.3533351486249102 0.34686051381069094 0.35428749752532807 0.3741599355535396