3 0.37498458509236726 0.4620316153205743 0.3453575460506816 0.4407080934179799 0.30824981877081437 0.4922658093474058 0.33787685781250004 0.5135893312500002
3 0.6214849950583448 0.10898070656606182 0.6203868561795851 0.04485844314774355 0.5855715496618623 0.04545467976861315 0.586669688540622 0.10957694318693142
1 0.48573427505218725 0.46909556295503824 0.47234163877802393 0.40384986078960383 0.43592196879981226 0.411325531631593 0.4493146050739756 0.4765712337970275
1 0.3545034559711492 0.32906786580656733 0.31928655621249724 0.3171049139977385 0.2973838736859256 0.3815826940063972 0.3326007734445775 0.39354564581522605
1 0.6010393180245643 0.345721137793926 0.5976455138669003 0.2762421157837885 0.5608395225487497 0.2780399581072493 0.5642333267064138 0.3475189801173868
2 0.6732879974757887 0.2994808852938523 0.6398327441384002 0.2923605981737071 0.6277820216626113 0.34898190662985484 0.661237275 0.3561021937500001
2 0.7150498888088375 0.19140932476068456 0.6811730273899508 0.17282834445601486 0.6499198590921538 0.2298091513868271 0.6837967205110405 0.2483901316914968
2 0.3516003734436368 0.13441976620345358 0.3494519257888971 0.07180635182826224 0.31085626077506473 0.07313068091667788 0.31300470842980443 0.13574409529186923
0 0.45323470712403474 0.16850820851953893 0.439327078579394 0.10331124930651873 0.4014000724503243 0.1114017295899623 0.41530770099496495 0.17659868880298252
0 0.3321085776305652 0.2867157015667655 0.32641315937500004 0.22704442343750006 0.28639618012484286 0.2308639064668428 0.2920915983804081 0.2905351845961082
0 0.6735325546875001 0.055430298437500095 0.6379384471902029 0.055122513809132224 0.6373415721809862 0.12414881103901285 0.6729356796782835 0.12445659566738072
3 0.49505113427231934 0.5051350657968753 0.4638834131335042 0.50312755888218 0.4601575531336062 0.5609737185287623 0.49132527427242134 0.5629812254434576