3 0.5509183928897217 0.7498384025373757 0.520846705631282 0.7451092374489967 0.5118623247632741 0.8022388758998401 0.5419340120217137 0.8069680409882192
3 0.5164103062584298 0.2990998425921719 0.4891752514382808 0.29687937635765155 0.48399191371142447 0.36045543301981287 0.5112269685315735 0.3626758992543332
3 0.3947930743434724 0.3707551614310265 0.3687506187316071 0.3067417754867121 0.3365281875492995 0.31985077169731113 0.3625706431611648 0.3838641576416255
1 0.49847327480782777 0.39021222359303304 0.4664984515900989 0.3734517263537921 0.4372009814697713 0.42934394807325915 0.4691758046875002 0.44610444531250015
1 0.34855056558214875 0.48406351660602825 0.3409916978178789 0.4197151879390321 0.30860876150654043 0.4235191458423199 0.3161676292708103 0.48786747450931606
1 0.5804254976138752 0.5322765928825364 0.547853790583838 0.5224339560152016 0.5285519710949628 0.5863084256326653 0.5611236781250001 0.5961510625
0 0.4153327516298562 0.6853403097893562 0.3837636531151606 0.6398071674072076 0.3495881217978044 0.6635017919928513 0.3811572203125 0.709034934375
0 0.6014555597345252 0.7557175506909094 0.568827866038106 0.7499645938468661 0.5584310179086812 0.808929954681495 0.5910587116051006 0.8146829115255383
0 0.32450766311968726 0.5148568448603104 0.28742187401908514 0.5031573033266163 0.26888014122260107 0.5619318108634953 0.30596593032320313 0.5736313523971892
2 0.6524071141112149 0.7016955162643068 0.637177653125 0.643303675 0.6035034682496597 0.6520864034376982 0.6187329292358748 0.710478244702005
2 0.6386903433307809 0.5935157743958884 0.6356425156250001 0.5372321656249999 0.6028913574713324 0.5390056817409172 0.6059391851771132 0.5952892905118057
2 0.3158160750488171 0.6664052483501959 0.27996565 0.6531510656250001 0.261425530576752 0.7032990962927647 0.2972759556255691 0.7165532790179604