3 0.5397357438815019 0.3361371025380368 0.5167715669507251 0.2843492755226526 0.49122188823375124 0.295678720614195 0.5141860651645281 0.3474665476295792
3 0.5979263875082304 0.32514491305165255 0.5670081812500001 0.28110365156249995 0.5381127128979732 0.3013890843641051 0.5690309191562035 0.34543034585325777
3 0.583501839864779 0.48258063969291776 0.5516623758693706 0.4756998802327729 0.5385363734892995 0.5364380709230083 0.5703758374847079 0.5433188303831532
2 0.584067368748318 0.3969771006406367 0.5510402453125 0.3563844890625001 0.5261991765641818 0.3765957790468635 0.5592263 0.41718839062500007
2 0.46254019839350935 0.4691971175577633 0.44549762031249995 0.41739370156250005 0.4235551719189905 0.4246124511922367 0.4405977499999999 0.4764158671875
2 0.6109841435685917 0.3282014787224811 0.6049114271908451 0.27698575963526406 0.5797385333290508 0.2799705433609298 0.5858112497067973 0.33118626244814686
0 0.48739791542865596 0.533433918870916 0.4645224921875 0.48465440937500015 0.4410183067632933 0.49567682831839593 0.4638937300044493 0.5444563378143117
0 0.5256655846863975 0.5872064283462928 0.4965725488227701 0.5860773520954577 0.4944958781988727 0.6395871596866651 0.5235889140625001 0.6407162359375002
0 0.6756842571637722 0.4389069923983599 0.6508456390624999 0.38998079062500013 0.6224580410183012 0.4043924694611899 0.6472966591195735 0.4533186712345497
1 0.5069414491018925 0.3188924973637348 0.4770653975636126 0.31504913749600927 0.4697810731448008 0.37167325265771556 0.49965712468308066 0.3755166125254411
1 0.4843494561458142 0.41661451507104486 0.4604552670870383 0.3610870072907405 0.4368928254341613 0.37122622401495875 0.4607870144929372 0.42675373179526305
1 0.5765101457582784 0.4677784548677583 0.5349137656249999 0.4189421187500001 0.5050017558042212 0.4444196920072418 0.5465981359374998 0.4932560281250001