3 0.47369713800685204 0.8202289149099069 0.46693599531250013 0.765137325 0.4354335645237911 0.769003476442166 0.4421947072181431 0.824095066352073
3 0.5475787902717173 0.32432491446764555 0.5202257973552052 0.32368774774931997 0.5187483653695873 0.3871125712294889 0.5461013582860994 0.3877497379478144
3 0.6953933125382228 0.36239268250773626 0.6651854462811867 0.3476635101398928 0.6345206964792494 0.41055344296766794 0.6647285627362853 0.4252826153355114
1 0.5846149779220016 0.46231938918628385 0.5622623658601296 0.40289757195959364 0.5289094581275958 0.4154438831038088 0.5512620701894678 0.47486570033049896
1 0.7142048872830107 0.4707199509177011 0.6823072928099687 0.4633771570100723 0.6678038446788934 0.5263811188215565 0.6997014391519354 0.5337239127291852
1 0.4784116647606485 0.60526630107838 0.4643286328124999 0.5413897359375002 0.43059984930185136 0.5488260082966201 0.44468288125 0.6127025734375
0 0.6480236340427207 0.7034339494282733 0.6164437216898356 0.6764292627039292 0.580472065772115 0.718495358588156 0.612051978125 0.7455000453125
0 0.4257850372951508 0.8226715515111239 0.42003819531250003 0.7643437828125 0.3865584238489365 0.7676424338754353 0.3923052658315873 0.8259702025740593
0 0.7404286778441556 0.610206955487405 0.725656226118088 0.5522407956368374 0.6865193425257445 0.5622146791072457 0.7012917942518119 0.6201808389578132
2 0.3967929300436609 0.6634508351003156 0.3640419578125 0.6506192015625001 0.3422047590188392 0.7063556352121845 0.37495573125000004 0.71918726875
2 0.4098004412694542 0.5521151412959318 0.3766524812500001 0.5456433671875 0.36603621588503965 0.6000191123815642 0.39918417590449373 0.6064908864899959
2 0.7307092262826371 0.7543941188406942 0.7186305156249999 0.7018455859375001 0.6821995390971733 0.710219544260284 0.6942782497548106 0.762768077163478