3 0.791164485692386 0.5388101796689394 0.7513482281250001 0.5237711890625002 0.7301606689951143 0.5798659984560609 0.7699769265625 0.5949049890625002
3 0.7639898866044113 0.8675619239195573 0.7204488421875002 0.8085683890625001 0.6844934251788548 0.835105812405504 0.728034469595766 0.8940993472625612
3 0.8324354322337338 0.8355451830958518 0.8033246528026471 0.76508007167241 0.7633725369559774 0.7815852216498032 0.7924833163870642 0.852050333073245
2 0.78091981214421 0.7039549604560253 0.740392340507194 0.6925967048240002 0.7220577804183792 0.7580163773555398 0.7625852520553952 0.7693746329875651
2 0.7090294102502355 0.9166613104481336 0.7043376078109327 0.8409043471690445 0.6672316818279451 0.8432024022454897 0.671923484267248 0.9189593655245787
2 0.9489706548825861 0.5586749091113168 0.9122855979917948 0.52274160274956 0.8679969187244472 0.5679568329369448 0.9046819756152387 0.6038901392987016
1 0.8655022380162969 0.7181228055395146 0.8219287712698072 0.7107484575840053 0.8115339230227138 0.7721694235002057 0.8551073897692032 0.779543771455715
1 0.9203049530953559 0.6413489154345833 0.8766480147121338 0.6143287008494374 0.8432398480123136 0.6683067427526374 0.8868967863955355 0.6953269573377833
1 0.8269561313231726 0.6161618913704014 0.77640005 0.5801837515625001 0.743812448976324 0.6259754855508773 0.7943685302994967 0.6619536253587787
0 0.8634216232559091 0.35684723857481915 0.8222276166383965 0.35220835387711175 0.815826830816684 0.40904831233247424 0.8570208374341964 0.4136871970301816
0 0.6696745615673254 0.7658419972862155 0.6364164037819011 0.7045194938296591 0.5976419381738847 0.7255487607797682 0.6309000959593091 0.7868712642363247
0 0.9299655374377117 0.47135432669634436 0.8879227059144019 0.4409606596292332 0.8486592011346055 0.4952729251688501 0.8907020326579153 0.5256665922359612