3 0.22249348032110214 0.44667183488394213 0.18055568028787689 0.438377342483506 0.16897807184177474 0.4969149122870638 0.21091587187500002 0.5052094046875
3 0.2256064196043504 0.19220623558134065 0.17406654803867436 0.1387462334269344 0.14247758773655644 0.16920060849714205 0.19401745930223246 0.2226606106515483
3 0.15805903082451755 0.24896075859380673 0.11328982251174344 0.1914353037551471 0.07756540082479134 0.21923784926899334 0.12233460913756544 0.27676330410765304
2 0.20380069294723335 0.27490967173700137 0.16114698900815805 0.26608969847019587 0.148050360102088 0.32942546095621694 0.1907040640411633 0.33824543422302245
2 0.24128761919078276 0.17979903287288665 0.22629603929343017 0.10569158671012746 0.18961117106521072 0.11311275909622398 0.20460275096256333 0.18722020525898317
2 0.08640362103837404 0.47819657956857087 0.0438970741735343 0.4502249676434027 0.008946675749771238 0.5033366993705176 0.05145322261461098 0.5313083112956859
1 0.11096370343820275 0.27188634414608687 0.06649014866614582 0.27082054674934614 0.06501441853067354 0.3323997598431325 0.10948797330273048 0.33346555723987326
1 0.09406443658919192 0.3754610038811698 0.04641208292614472 0.35787186407159916 0.02423306733248558 0.4179590716559183 0.07188542099553279 0.43554821146548894
1 0.2003059468595456 0.4019296706604366 0.1452525046875 0.37743110156250004 0.1220841852945149 0.42949519260496916 0.17713762746656053 0.4539937617029056
0 0.16850894153568188 0.6830453081912572 0.1640492339396005 0.627124871879265 0.12228845547698267 0.6304553333922784 0.12674816307306408 0.6863757697042706
0 0.3264146418976259 0.2908287141017961 0.2885177891273217 0.22910236652864135 0.2533995021812403 0.2506632169963231 0.2912963549515446 0.312389564569478
0 0.11868349333823405 0.5493709290620515 0.07212147339048988 0.5251041297913353 0.04157903610726068 0.5837075557384305 0.08814105605500484 0.6079743550091468