3 0.3810800275026181 0.5115294327772624 0.37925341351448727 0.4851382659584355 0.31944559842096165 0.48927774915746713 0.32127221240909243 0.5156689159762939
3 0.38025711718749994 0.4495181140625001 0.35704968927387426 0.4176787987763667 0.3171384734375 0.4467697718750001 0.34034590135112575 0.4786090871611335
3 0.5797439792338279 0.47094026821536794 0.5206859300705312 0.4519652572264804 0.5109529742654313 0.48225822426499293 0.5700110234287281 0.5012332352538804
2 0.45302370625000005 0.46874103281250007 0.40855415582676846 0.44252066391101474 0.3920375406249999 0.4705327203125 0.4365070910482315 0.49675308921398537
2 0.5094826203125 0.5930074015625001 0.5050159613407011 0.5700426669450835 0.45033312324253094 0.5806785220273966 0.4547997822143298 0.6036432566448131
2 0.36743165635665076 0.43096095114303645 0.36506215459556235 0.40590117794394187 0.3141023638559206 0.41071962992844113 0.316471865617009 0.43577940312753577
0 0.5777877421875001 0.5763041046875002 0.5681107619769807 0.5509986580909613 0.5182767890625 0.57005551875 0.5279537692730193 0.5953609653465388
0 0.6756920046875 0.5275787265625002 0.6244414403263401 0.5202338870124317 0.6203552521489584 0.5487463478700362 0.6716058165101183 0.5560911874201047
0 0.49071327968749995 0.38380812812500004 0.47710348273899167 0.3529952031289215 0.42795182187499997 0.3747050578125 0.44156161882350825 0.40551798280857854
1 0.4101868263886737 0.5237263286263503 0.3553774180078804 0.5109388127369667 0.34865237837530455 0.539763445041423 0.40346178675609784 0.5525509609308064
1 0.46001191514398043 0.5676383711713084 0.4518653899216988 0.5425894745479485 0.39490739770017946 0.5611136326064879 0.40305392292246117 0.5861625292298479
1 0.5287871875000001 0.4892620421875001 0.5047509277042499 0.45628560833068743 0.45421143261086316 0.49312344347336523 0.4782476924066132 0.5260998773301779