3 0.4461893572504464 0.8091980779941652 0.4405072281250001 0.7524233531250001 0.4086801362248176 0.7556086727594156 0.41436226535026394 0.8123833976285807
3 0.5314515446247677 0.3080924838612263 0.5041848980791871 0.3068235515295805 0.5011740714949393 0.3715197864944867 0.52844071804052 0.3727887188261324
3 0.6779214001544789 0.34013941699057676 0.648681964181598 0.3255255915037275 0.6170506507977678 0.38881372665060754 0.6462900867706487 0.40342755213745674
1 0.5659352690623894 0.44584095905831117 0.5443895734376494 0.38588890586368346 0.5100868607363044 0.3982166872753852 0.5316325563610442 0.4581687404700129
1 0.6943440049278282 0.4482346053742061 0.6630947461091395 0.4403936305896237 0.6474872112195865 0.5025955775011679 0.6787364700382752 0.5104365522857504
1 0.4561426904957238 0.5941628701821184 0.44310786562500004 0.5287781796875 0.4087545688792763 0.5356267126303816 0.42178939375 0.601011403125
0 0.6228786252692221 0.682601728104423 0.5922234184016957 0.6566910065993617 0.5554963151950337 0.7001431716124161 0.5861515220625602 0.7260538931174774
0 0.3981503645099409 0.8139858230678024 0.3935985249999999 0.7538124531249999 0.3598466905958492 0.7563656246279394 0.36439853010579015 0.816538994570742
0 0.7182946838113755 0.5869521141038933 0.7044097127276341 0.5277370097804696 0.6644472979528088 0.5371075408286675 0.6783322690365501 0.5963226451520913
2 0.3719962126048133 0.6554856591581582 0.3402151218750001 0.6426844171874999 0.3179273670738465 0.6980172637287071 0.3497084578036597 0.7108185056993653
2 0.3884441602627578 0.5432959076618372 0.35562679832341093 0.5356203988909318 0.34310264587315326 0.5891685943540945 0.3759200078125001 0.596844103125
2 0.705133784469651 0.7314988263175326 0.6938330734375 0.677411928125 0.6567012285307705 0.6851701147358848 0.6680019395629215 0.7392570129284175