3 0.9332490062700007 0.4500207633342817 0.9165704670366812 0.3883483949074952 0.7779669486991747 0.42583202456917296 0.794645487932494 0.48750439299595943
1 0.847961259375 0.3314335796875001 0.7135358015640743 0.29903852555023497 0.6950600632046384 0.37570484556434663 0.8294855210155643 0.4080998997016117
1 0.7084045525494524 0.27607769256795567 0.6806815388636067 0.20413824491809004 0.5555939097947784 0.25234275810094314 0.5833169234806241 0.32428220575080874
1 0.4932187943585696 0.45741353778577504 0.4495888806212511 0.3850662155758588 0.32282300712920875 0.4615138843540623 0.3664529208665273 0.5338612065639785
3 0.3348536015625 0.49479295000000006 0.2863170048397058 0.42897403536336853 0.18196669687500003 0.5059246937500002 0.2305032935977942 0.5717436083866317
3 0.9275743187499998 0.592400109375 0.8902092609576151 0.5124572359902674 0.7565549466957633 0.5749268591743318 0.7939200044881479 0.6548697325590646
2 0.6856246600398481 0.521070216326865 0.645572598149999 0.45873449114941556 0.5402111704681025 0.5264315045443089 0.5802632323579517 0.5887672297217583
2 0.5430255938080941 0.23322705047142112 0.5211696855761048 0.15382179974349164 0.4101377973420915 0.18438278579694334 0.4319937055740808 0.2637880365248728
2 0.923223664629701 0.6269592919441132 0.7892874169628635 0.6253190584957319 0.7883769515392701 0.6996647698253292 0.9223131992061075 0.7013050032737105
0 0.09346999236531899 0.3193878714632524 0.00015119976574933246 0.3092237931527564 -0.006622175377460654 0.3714117428004451 0.086696617222109 0.3815758211109411
0 0.35804311718750004 0.267429775 0.3326965029462484 0.18852562603062822 0.2085624339602581 0.2284015818818997 0.23390904820150968 0.3073057308512715
0 0.549393685361993 0.7743862861343391 0.524786364050153 0.6961869727853306 0.39810866347656204 0.7360492010781436 0.42271598478840194 0.8142485144271522