3 0.5264195559993703 0.034839448905498144 0.4617137715025395 0.027296197674163608 0.44509986706566923 0.16980977533116556 0.5098056515625 0.17735302656250013
1 0.6457596245578134 0.2240573831627731 0.593755390625 0.09850580624999998 0.5214958528251759 0.1284361504162844 0.5735000867579891 0.2539877273290575
1 0.748430902673791 0.2501050939934497 0.6715980587486456 0.23057026789794105 0.6391497950930302 0.3581932303397242 0.7159826390181756 0.3777280564352329
1 0.6034427483429261 0.496933154784012 0.5234576000049619 0.4615715699059912 0.46486765947453595 0.5940974479344794 0.5448528078125002 0.6294590328125003
3 0.5838996991554704 0.6604258731547569 0.5102927270411015 0.6213094585576752 0.4501650153856313 0.7344542557154184 0.5237719875000001 0.7735706703125003
3 0.42531452762627636 0.14962161409142044 0.320820647956802 0.046802302563223395 0.25788528659253673 0.11076266156201839 0.36237916626201105 0.21358197309021545
2 0.5038358965572882 0.3810946305254274 0.4326554977309879 0.27707278006008396 0.37255685523720083 0.31819726806419063 0.44373725406350123 0.42221911852953414
2 0.8194228754273999 0.39700020706825995 0.7372332853208353 0.3903817341871052 0.7277578412474067 0.5080497942452276 0.8099474313539712 0.5146682671263824
2 0.3098686769034187 0.1826283300364583 0.28475174952341853 0.05432970941660011 0.21046482796757818 0.06887280586601754 0.2355817553475784 0.1971714264858757
0 0.7515106859618078 0.9412774966062362 0.724104099618538 0.8408122697825678 0.663709561496269 0.857287702885556 0.6911161478395388 0.9577529297092242
0 0.8183484006640368 0.5891352876624174 0.7346667671875001 0.5749120437500002 0.7127642424894841 0.7037742818776925 0.7964458759660207 0.7179975257901099
0 0.2791767912302217 0.4525071685050417 0.1970506759520006 0.44053309910634164 0.17794736073823375 0.5715563139552835 0.2600734760164548 0.5835303833539836