1 0.3274774000000001 0.36737720781250005 0.2771762080273666 0.3504157734549692 0.26942005625000004 0.37341758281250004 0.31972124822263354 0.3903790171700309
1 0.28824915146919794 0.48599616714129734 0.2821828913639487 0.45563493796120624 0.22492382236597094 0.4670754631081235 0.23099008247122024 0.4974366922882146
1 0.3970135344107855 0.5762053106317198 0.39413425501007265 0.5456647760992854 0.33040461057460757 0.5516730354584305 0.3332838899753205 0.5822135699908648
3 0.5528218295398563 0.5799850316372755 0.5516429653314041 0.5570393074870756 0.5031407185401786 0.5595311688202552 0.5043195827486306 0.5824768929704551
3 0.22142290385487376 0.484073299853747 0.16535562653976288 0.48235867107433184 0.16465129816683846 0.5053897636815156 0.22071857548194934 0.5071043924609306
3 0.24792509516586386 0.3798534523549666 0.18469758879822856 0.36741127958148095 0.17926721983326518 0.39500683660850666 0.2424947262009005 0.40744900938199236
0 0.49229543906249995 0.4422070953125 0.47905997845368836 0.4114600056957042 0.4302489461178368 0.4324713112796868 0.4434844067266484 0.4632184008964826
0 0.558570946535468 0.6245313475744159 0.5584881668640491 0.5971140800586582 0.5039968860791821 0.5972786030300292 0.504079665750601 0.6246958705457868
0 0.3921812109375 0.36357800312500005 0.38519732368950244 0.33144772030950664 0.3329456537940311 0.34280522292363225 0.3399295410420287 0.3749355057391256
2 0.4782930296875 0.6341013359375001 0.4307861772481294 0.6121497333775909 0.417259975 0.64142264375 0.46476682743937064 0.6633742463099092
2 0.3897215625 0.6102724296875001 0.3399183575810984 0.6053023437379771 0.33718989615171713 0.6326431432856865 0.3869931010706188 0.6376132292352095