2 0.31565790290229434 0.6453968329702127 0.2637247465141124 0.6167625160070338 0.24650051123888622 0.6480015675746135 0.2984336676270682 0.6766358845377922
2 0.23375454399955706 0.6750177895274339 0.2277681047811205 0.6454353697458242 0.1641846549293799 0.6583024191841728 0.17017109414781645 0.6878848389657823
2 0.5349274830316617 0.954676022477867 0.48315472318344765 0.9473493254725796 0.47746180884820194 0.9875772599023005 0.529234568696416 0.9949039569075879
1 0.2100623700758235 0.8267158029339703 0.15724437343425154 0.8107500061632569 0.1461399680521213 0.8474855637181339 0.19895796469369326 0.8634513604888472
1 0.3413737067628397 0.9657110460149054 0.2993415209795024 0.93396549908141 0.2702207005838648 0.9725224574981874 0.3122528863672021 1.0042680044316827
1 0.2734162303293295 0.7189452841714338 0.2077336713142432 0.7067884322928436 0.20044392985975018 0.7461743586882048 0.26612648887483653 0.758331210566795
3 0.4464667711028917 0.7134915383299308 0.3906886133006095 0.7083514859230056 0.38773314979041973 0.7404232036798419 0.44351130759270196 0.7455632560867671
3 0.23043973841352416 0.9436023551228008 0.2000423333836454 0.9143064413304817 0.15931556782339013 0.9565644844510406 0.18971297285326888 0.9858603982433596
3 0.12622825723441572 0.8260585479217566 0.11315833906218675 0.7874321217244303 0.055935741931586125 0.8067943753866949 0.06900566010381508 0.8454208015840212
0 0.4216115024904196 0.6663020162998781 0.36202786050993324 0.6608112845952784 0.35924175015692084 0.6910452517098894 0.41882539213740727 0.6965359834144891
0 0.4680069078125001 0.8719954812499999 0.4216702276907275 0.8568547216389332 0.4099220609488583 0.8928087330834682 0.45625874107063097 0.9079494926945347
0 0.42027870156250013 0.963428446875 0.3644095671875001 0.963428446875 0.3644095671875001 1 0.42027870156250013 1