3 0.5391664168583672 0.3354933554484133 0.505817305691407 0.33158130230027005 0.498436601363752 0.3944996522798084 0.5317857125307122 0.3984117054279516
3 0.6127079629987481 0.8391903762989544 0.5726031326308947 0.8354608699937411 0.5652718285954489 0.9142972308026034 0.6053766589633023 0.9180267371078166
3 0.7992131399386246 0.8276041210046143 0.7587028726251306 0.7530517259176984 0.7153572413281795 0.7766048674185784 0.7558675086416734 0.8511572625054944
1 0.6564039988899868 0.733800004275263 0.6135102495260419 0.7182542261445379 0.5873312766462728 0.7904869758896901 0.6302250260102177 0.8060327540204153
1 0.5364606389764008 0.5887481420436977 0.4937895486731268 0.5757201830266798 0.473601740946726 0.6418422644204821 0.51627283125 0.6548702234375
1 0.8204057538629932 0.6883123688144781 0.8013672426546833 0.6104915859983853 0.7538184137737408 0.6221241972216772 0.7728569249820507 0.6999449800377701
2 0.443382990160638 0.533295375657694 0.41883239062724387 0.4699497985497657 0.37947665202910585 0.4852027494545716 0.4040272515625 0.5485483265625
2 0.4459116515821327 0.6655443999931341 0.43911037031249994 0.59791299375 0.4023384015428674 0.6016109281318658 0.4091396828124999 0.669242334375
2 0.831931060905679 0.3481059129796498 0.785826269125424 0.3429293736996881 0.7784825546381491 0.40833608830534907 0.8245873464184041 0.4135126275853108
0 0.4809583671875002 0.34867093750000017 0.4477947564401642 0.34558692332268376 0.44206516575108745 0.40719945310665634 0.47522877649842343 0.4102834672839727
0 0.7309564489772011 0.39699748520930767 0.6914167289632054 0.380263370339107 0.6638962795396984 0.44528926942639735 0.7034359995536942 0.46202338429659806
0 0.8462944535325923 0.5224427585523864 0.7976127406938263 0.5088674663492757 0.7819647184112338 0.5649820984218893 0.8306464312499997 0.5785573906250001