3 0.7065127510693314 0.49127418431583186 0.6638688452607584 0.4413116732919572 0.6373451968470595 0.4639500864035999 0.6799891026556325 0.5139125974274746
3 0.38268341243235454 0.12233433459343708 0.373313289712556 0.05529482437783301 0.3400089248364534 0.05994978061170767 0.349379047556252 0.12698929082731175
1 0.5726965120114105 0.41801227315535494 0.5341181803498698 0.41072076504187366 0.5221420386509593 0.4740848262615187 0.5607203703125 0.48137633437500005
1 0.703852904493026 0.3785682202459304 0.6747066523318392 0.3167426386289492 0.6418903083244233 0.3322131511972561 0.6710365604856101 0.3940387328142373
1 0.4346378940679596 0.35828115618554285 0.4279277888652831 0.28620717586067046 0.39081780274096767 0.289662124648591 0.39752790794364423 0.3617361049734633
2 0.37074548442931354 0.3572623265554908 0.3482971318277156 0.3068259653597819 0.31569661146090217 0.3213358934917913 0.3381449640625 0.3717722546875002
2 0.3333347275256675 0.2441791204895027 0.29551063507421044 0.18993426305347527 0.2647537362140743 0.21138056858350418 0.3025778286655313 0.2656254260195316
2 0.6585122112301741 0.13496834812570432 0.6533865906751425 0.07132192766067864 0.6149514992868318 0.07441721083630837 0.6200771198418635 0.13806363130133406
0 0.5702618286123129 0.11722231343715761 0.5309668364708372 0.1094878456757337 0.5184088083398601 0.1732889541605827 0.5577038004813358 0.1810234219220066
0 0.6988027467668438 0.2300912927929161 0.6567553062500001 0.2275643562500001 0.6532109016706562 0.28654214939458406 0.6952583421875 0.2890690859375001
0 0.33418656842922045 0.1388662115340797 0.3229682223523804 0.06740010855452051 0.2880104467625021 0.0728875831514764 0.2992287928393422 0.1443536861310356
3 0.5643098890842791 0.5662768957976146 0.5517173600176101 0.5064559250283039 0.5216824188100782 0.5127783879590723 0.5342749478767471 0.572599358728383