1 0.7791364250000001 0.2451064671875 0.7754191648267788 0.21186103470753523 0.7244971251914961 0.21755476331189336 0.7282143853647175 0.25080019579185814
1 0.9156073086674781 0.12447560948689787 0.857812087403196 0.10027186746475807 0.8435351950177896 0.1343631312712445 0.9013304162820717 0.15856687329338431
1 0.8367044889319555 0.3253328152254424 0.7796830363213841 0.319023005654512 0.7756639629687985 0.3553431826957792 0.8326854155793697 0.36165299226670955
3 1.0040304332263652 0.3656354845108915 0.9650580165822127 0.3602382053996376 0.9609706909717219 0.3897517720262398 0.9999431076158745 0.3951490511374937
3 0.700757746603444 0.23009009120032586 0.6448508804229529 0.2159565115905287 0.637268122038097 0.2459509128678438 0.6931749882185883 0.260084492477641
3 0.8020568035669395 0.1406784421973699 0.7659535404894908 0.09813670306001084 0.7372024449941803 0.12253646633909354 0.7733057080716289 0.16507820547645263
0 0.9897918890034181 0.40735059514698857 0.9321528984141253 0.4023262625221788 0.9297175327481908 0.43026470314355425 0.9873565233374835 0.435289035768364
0 1 0.21684681718750007 0.9898035421875001 0.21684681718750007 0.9898035421875001 0.24251612500000008 1 0.24251612500000008
0 0.9940149199466827 0.1423363215746629 0.9935299255446018 0.10320602636375369 0.9413231016549973 0.10385309578146204 0.9418080960570782 0.14298339099237126
2 0.7980765305102506 0.3915261222550665 0.7448513438248179 0.3703912535851943 0.7345165091024273 0.39641807760073505 0.78774169578786 0.41755294627060724
2 0.8767457328124998 0.43190291875 0.862345063284147 0.398751610665505 0.8112710077530139 0.4209377818205608 0.8256716772813666 0.45408908990505575