3 0.48190663125000005 0.20605069531250003 0.42061444859969727 0.20531016322674506 0.42009111875 0.24862500312500005 0.4813833014003028 0.24936553521075502
3 0.7764574965417873 0.14212001925201526 0.7426828871118645 0.11635235256857471 0.6960011920120842 0.177539732818842 0.7297758014420072 0.20330739950228255
3 0.7164290127849802 0.09186809687030198 0.6839435646580616 0.06210127992076706 0.6334205727420312 0.11723858384840691 0.6659060208689496 0.14700540079794183
2 0.6494215904234417 0.19685072269707732 0.6488271588735123 0.15322701880922235 0.5819422932947478 0.15413841492576968 0.5825367248446771 0.19776211881362465
2 0.8166325695351297 0.1872708692124337 0.8026561558252497 0.15304870589983482 0.7320723821325871 0.18187528864161076 0.7460487958424671 0.2160974519542096
2 0.4515446692594458 0.07411914301024847 0.3959163366833224 0.047438946526781024 0.3729927719910196 0.09523468451258961 0.428621104567143 0.12191488099605705
1 0.6391329394317367 0.10457215285767703 0.6317126068080425 0.06071939599337763 0.5699850285970443 0.07116433024912087 0.5774053612207384 0.11501708711342026
1 0.542954834720622 0.0593044633827587 0.48136429691398835 0.04595294955530142 0.47019556445542676 0.09747431616817005 0.5317861022620604 0.11082582999562733
1 0.5372925375000001 0.15912683281250004 0.4834976044527677 0.14387819568890722 0.46616106406249996 0.20503894218750002 0.5199559971097323 0.22028757931109286
0 0.294631511249339 0.22519887147090847 0.28351550469155273 0.18507061617680615 0.22969957402044344 0.19997827248703054 0.24081558057822966 0.24010652778113287
0 0.702812760128283 0.2726542715196853 0.6761914168288089 0.24256178089122676 0.6207878428020314 0.2915745921734487 0.6474091861015054 0.32166708280190726
0 0.3817162377238987 0.11475181170752377 0.31823193181366377 0.09586924576154873 0.3030095115311075 0.14704792500868552 0.36649381744134246 0.16593049095466056