3 0.5625456977156832 0.47690680780779837 0.527185583177076 0.4626623515114513 0.5021063724115209 0.5249184142742899 0.5374664869501282 0.5391628705706369
3 0.5932606786957697 0.8208526506065874 0.5719765572516771 0.7486844718459459 0.5403197375131932 0.7580208248954301 0.5616038589572856 0.8301890036560717
3 0.532838679106759 0.8169212157362381 0.49597036718750004 0.751835584375 0.4582026582333739 0.7732294257663239 0.4950709701526329 0.8383150571275622
1 0.6839536579177877 0.6941901009812738 0.6520272109375 0.6296233499999999 0.6198589687780977 0.6455296432878421 0.6517854157583853 0.710096394269116
1 0.6368055635248691 0.7137520217356853 0.5977009044652933 0.7032420609777678 0.5792747784404243 0.7718005829920825 0.6183794375 0.7823105437500001
1 0.59292265985075 0.5970544489132401 0.5503223531250001 0.5317043781249999 0.5131678286371054 0.5559246141605901 0.5557681353628553 0.6212746849488302
2 0.5553612106428796 0.6547108618731388 0.5182269393096963 0.6407662529208269 0.492931035520496 0.708128841440781 0.5300653068536791 0.7220734503930929
2 0.4757921309481019 0.8401114934425886 0.4734645531388454 0.7734719318541841 0.4407350943604994 0.7746151020693781 0.443062672169756 0.8412546636577828
2 0.7048041499591251 0.6185519296920987 0.6923273881632732 0.5500847838033016 0.657542063961395 0.5564237102829189 0.6700188257572469 0.6248908561717159
0 0.43453273112935326 0.6553709547575599 0.4114059265625 0.594937184375 0.37566379855814686 0.60861498742994 0.398790603125 0.6690487578125001
0 0.633547121971736 0.32758341877594443 0.5970496090016144 0.32250480200857523 0.5891279682798783 0.3794337254201309 0.62562548125 0.3845123421875001
0 0.690451368880731 0.5178493762871574 0.6710173348497517 0.4554517272165005 0.6352221273241797 0.46660030879864 0.654656161355159 0.5289979578692969