1 0.42517793320576586 0.6886408753444335 0.40230021224136153 0.6880838826284179 0.4010028430980957 0.7413715619714843 0.4238805640625 0.7419285546875
1 0.5474980854521287 0.7468575203409099 0.5363696508749117 0.6872874213582909 0.5065366083276077 0.6928606043460157 0.5176650429048246 0.7524307033286345
1 0.6101448423348026 0.614598398087316 0.5886764036097166 0.5535959299606933 0.5591850142494156 0.5639747573236302 0.5806534529745017 0.6249772254502529
3 0.5695999434611563 0.44947854357905825 0.5556463234604687 0.40343134256391455 0.5333159101266695 0.41019809700824317 0.5472695301273571 0.456245298023387
3 0.5758946295634849 0.801067595560807 0.5634129921875 0.745285521875 0.5407989424175706 0.7503455770178147 0.5532805797935556 0.8061276507036215
3 0.472004507877668 0.7675440112519791 0.44226414062499997 0.7595109843750001 0.4271773558572088 0.8153662088784696 0.45691772310987666 0.8233992357554486
0 0.46802083569094394 0.5220098541896586 0.4372534509102948 0.505444234023843 0.4128673324068509 0.5507366579591844 0.4436347171875 0.567302278125
0 0.6103306326757484 0.4366332224806472 0.5968979214452828 0.3828204596067851 0.5699956281896681 0.3895357947325253 0.5834283394201337 0.4433485576063873
0 0.4094740800051574 0.6753439791096131 0.3853782453125 0.6272243312500001 0.3551349921713957 0.6423685906257606 0.3792308268640532 0.6904882384853737
2 0.6549659427627739 0.46134291791566273 0.6243943620473711 0.4562667224995779 0.6158835739720974 0.5075232686464152 0.6464551546875 0.5125994640625
2 0.6547086436143634 0.5958527613244613 0.651292358317511 0.5447113186007311 0.6228624096238008 0.5466104596992187 0.6262786949206532 0.597751902422949