3 0.8181592822017094 0.5893688930530806 0.8078677282891931 0.5212321664154719 0.6779116171874999 0.5408610859375 0.6882031711000164 0.6089978125751088
3 0.29961214244197054 0.3781238473436237 0.17770249484435907 0.3151574039837727 0.1508499923836871 0.36714666901794535 0.27275963998129854 0.43011311237779637
3 0.27303054062499993 0.5137910625 0.16940654157914578 0.4273146225938252 0.11979262882283448 0.4867665618006102 0.2234166278686886 0.5732430017067849
1 0.38670070087233305 0.28405542525988026 0.2625644375000001 0.2813666609375 0.26099440499985965 0.35385273430521785 0.3851306683721926 0.35654149862759804
1 0.5411778555750637 0.2803996702451958 0.442531825223112 0.2065163054694646 0.39851137849155865 0.265290595697969 0.49715740884351034 0.3391739604737002
1 0.6992786797730384 0.5139628011339374 0.6020878704609081 0.41538699032579735 0.5441264249060305 0.47253407089451593 0.6413172342181608 0.5711098817026561
2 0.4798181004241081 0.5226559325009268 0.4667718592793819 0.45661707242530786 0.3533504844702414 0.4790239190158159 0.3663967256149676 0.5450627790914349
2 0.23208896960361064 0.5476291201716331 0.11241263932091024 0.5199843669162326 0.09804948523530532 0.5821636005801961 0.21772581551800568 0.6098083538355967
2 0.6943697888163658 0.25351473342268027 0.5974967362536711 0.20048380535805127 0.5610934043824102 0.2669827713486919 0.657966456945105 0.3200136994133209
0 1 0.4480005343750002 0.955665328125 0.4480005343750002 0.955665328125 0.5106450312500002 1 0.5106450312500002
0 0.5518162153250186 0.7358484292697168 0.44905835855002146 0.6733372721704671 0.4126966956672624 0.733109746717289 0.5154545524422596 0.7956209038165387
0 0.8678989156249998 0.33697075 0.764425343081767 0.27030195972974 0.7218345703125 0.3364051453125 0.8253081428557328 0.4030739355827599