3 0.7980705893327418 0.5720426174684047 0.6978892705596149 0.4926455808547036 0.6549786687500001 0.5467891718750002 0.755159987523127 0.6261862084887013
3 0.2545722020347224 0.5101102570165621 0.2536529940796517 0.44925921724271517 0.11973412056673002 0.45128217846613355 0.12065332852180069 0.5121332182399805
3 0.2888031515625 0.37475438906249997 0.2714632760583724 0.2964565469556867 0.1431138188783781 0.32488087575758856 0.16045369438250576 0.40317871786440185
1 0.32023963864968075 0.5730891732964951 0.21735331216321607 0.5158164383461277 0.1812022609375 0.5807591875 0.28408858742396464 0.6380319224503674
1 0.42451757465287177 0.7169981225190631 0.41228829236273123 0.6420063290639714 0.29388045721864564 0.6613156797892425 0.3061097395087863 0.7363074732443342
1 0.6618725281249999 0.5802868859375001 0.6335608378623876 0.4999533265985211 0.5086941332702919 0.5439596857541922 0.5370058235329043 0.6242932450931711
2 0.47360675194507335 0.46821806682355727 0.38863245996567397 0.39443971609219675 0.34446688124999997 0.44530746718750003 0.42944117322939934 0.5190858179188604
2 0.28185695098722674 0.26098944876719965 0.16790959648749565 0.2283881245819949 0.15004211627475023 0.29083810637575896 0.2639894707744813 0.3234394305609637
2 0.5473251890477198 0.8157530095056579 0.5465110579664081 0.7376500708899499 0.4376514423454269 0.7387848040785788 0.4384655734267386 0.8168877426942867
0 0.9683961515475608 0.7456961902600521 0.8771618712338212 0.7145131330658898 0.8571617572601612 0.7730287556111104 0.9483960375739008 0.8042118128052728
0 0.6263929393893113 0.3085079973592923 0.6221418659354299 0.23642954129192278 0.5047484616852523 0.24335321879137223 0.5089995351391339 0.31543167485874174
0 0.73507673125 0.8242242515625001 0.728066703111304 0.7433064002627039 0.6068720046875 0.7538056687499999 0.613882032826196 0.8347235200497961