3 0.48746267968750007 0.7891106859375002 0.4278086462872765 0.7761291327247413 0.4186367747264437 0.8182765648128159 0.47829080812666724 0.8312581180255748
3 0.20234041250000012 0.7996712031250002 0.17224168990569005 0.7681379816238829 0.11823549704346878 0.8196873425820461 0.14833421963777887 0.8512205640831635
3 0.2534864322999124 0.8757229741665246 0.23208114161981844 0.8390961742258977 0.16569221726103361 0.8778949288575377 0.1870975079411276 0.9145217287981648
2 0.3187847556412359 0.8063259204001708 0.2548436967158814 0.7918212474821329 0.24511790563446362 0.8346955255955851 0.3090589645598181 0.849200198513623
2 0.16945854892376297 0.7881756663837062 0.16185029563575354 0.7519380184408015 0.08782243624116852 0.7674804925420609 0.09543068952917795 0.8037181404849655
2 0.5031891657008289 0.9487432435248255 0.4519449621608619 0.9126730134503347 0.42200965921875555 0.9552014573728684 0.47325386275872267 0.9912716874473592
1 0.30779652223295295 0.8873875225433704 0.24558428961395032 0.8848095763746089 0.2437403931956581 0.9293073685667761 0.3059526258146607 0.9318853147355377
1 0.4082654040668238 0.9265644911344821 0.34865462487515375 0.9030063303654421 0.3296967861126996 0.9509766091787653 0.3893075653043697 0.9745347699478053
1 0.4338848140625001 0.8222572703125 0.38298950416227484 0.7969392621733824 0.3553615000000002 0.8524782218750001 0.4062568099002254 0.8777962300141177
0 0.6635046143176524 0.8764205827005391 0.6613919125171236 0.8347593055486733 0.6058136513635316 0.8375777571285763 0.6079263531640604 0.879239034280442
0 0.2977452367331467 0.7007767732873813 0.27233248807167226 0.6659050260608916 0.21535239485308896 0.7074292083241562 0.2407651435145634 0.7423009555506458
0 0.5820041281780254 0.9134712672546094 0.524978684115986 0.8813314618151061 0.4985967643642265 0.9281407274120923 0.5556222084262659 0.9602805328515955