3 0.18941720312500002 0.49946689843750003 0.18409137996843655 0.4343397413783852 0.04040131487025812 0.4460901065198172 0.045727138026821566 0.511217263578932
1 0.26472783124999993 0.566970815625 0.1431571478746697 0.5097029113378009 0.10970441562499995 0.5807177593749999 0.2312750990003302 0.6379856636621991
1 0.38681984076591275 0.7128210946134153 0.36974533696517176 0.6349230082441876 0.24107915353979825 0.6631253857391917 0.25815365734053924 0.7410234721084192
1 0.64047245625 0.550304075 0.6072833255864071 0.4685534155769912 0.4731181701666326 0.5230217820116587 0.5063073008302255 0.6047724414346676
3 0.7865883709895247 0.5313379843688308 0.6742563298071546 0.45524487985225903 0.6299578720945939 0.5206402426475716 0.742289913276964 0.5967333471641434
3 0.2272652300923422 0.3531606470484062 0.12328017739114694 0.2457696032169187 0.060493731167412565 0.30656472808543683 0.16447878386860784 0.41395577191692434
2 0.4347270712362884 0.4418949826825182 0.33136675543586785 0.3678392545360719 0.28958335718445183 0.42615675875317616 0.39294367298487237 0.5002124868996225
2 0.5226937500284944 0.8115595109933424 0.5189192832114886 0.7290031425789487 0.4000409874804934 0.7344382433605936 0.403815454297499 0.8169946117749873
2 0.21237254719844895 0.22499989153327132 0.0833054018368521 0.19945065052036895 0.06894956406940529 0.27197206119487244 0.19801670943100216 0.2975213022077748
0 0.9671068457135009 0.7081563675645715 0.8666786648363425 0.6784645830986082 0.8491259294705313 0.7378341802417951 0.9495541103476898 0.7675259647077584
0 0.7258992168644267 0.805146126585311 0.714485231345998 0.7206722290074025 0.5837925171875 0.7383312312499999 0.5952065027059288 0.8228051288279085
0 0.597430629392838 0.2638041692449173 0.5882419729908344 0.1810092626482916 0.45640958625580036 0.1956401445969363 0.46559824265780403 0.27843505119356193