1 0.3160698716787192 0.8107672736913694 0.30575772105227456 0.7795029201348627 0.25851726875 0.7950845843749998 0.26882941937644456 0.8263489379315067
1 0.20730936775893843 0.9260601992353836 0.16071641854250002 0.8985651434911738 0.1387832435679856 0.9357329643986845 0.18537619278442402 0.9632280201428942
1 0.25086300807505035 0.7221410723124349 0.24728030992990052 0.6858079757304912 0.18840113229045707 0.6916138755948483 0.1919838304356069 0.7279469721767919
3 0.06236072281008244 0.7201282704572692 0.0602488381360873 0.6903690700297712 0.001889919517001981 0.6945105558241507 0.004001804190997116 0.7242697562516487
3 0.3980352282786518 0.7645897947335433 0.3394891459091796 0.7629115232304157 0.338594916455434 0.7941064944604181 0.3971409988249062 0.7957847659635457
3 0.3155707330606948 0.9071107832821704 0.27420044264493104 0.8727541531401286 0.24917814649372 0.902884572053889 0.29054843690948373 0.937241202195931
0 0.08929224418859896 0.6717386542053646 0.08590296700357006 0.6439773522348683 0.026761974515506694 0.6511976626062185 0.030151251700535585 0.6789589645767148
0 0.05392266562500003 0.8646733515625 0.039511948635208106 0.830547597835315 -0.006950061486113235 0.850167703049338 0.007460655503678693 0.884293456776523
0 0.11918454973706485 0.9641306563248154 0.10734126338581321 0.9262886662533164 0.054627858520146996 0.9427862116306602 0.06647114487139864 0.9806282017021593
2 0.2829225984375 0.637924690625 0.2275576631721794 0.6258337880523028 0.22126048113980837 0.6546689451863489 0.2766254164051289 0.6667598477590461
2 0.20429777054854453 0.6287111555752918 0.18747180867401228 0.5998633832872775 0.13708359784647367 0.6292531783066424 0.15390955972100592 0.6581009505946568