3 0.49442026209758827 0.32285404505075643 0.4684853376661079 0.3184738810285669 0.4584958036408717 0.3776218509990376 0.48443072807235216 0.38200201502122716
3 0.4550743065155792 0.3386893454601797 0.42594366875 0.31623117968750003 0.39413879580387445 0.3574854941471846 0.4232694335694537 0.37994365991986423
3 0.45751972958446013 0.5687059671208798 0.43977654753769463 0.5111033492851258 0.40688851211494814 0.5212337638668058 0.42463169416171376 0.5788363817025599
2 0.46730133710118726 0.4114499928602854 0.44232971775873453 0.39141946325761723 0.4095510540950473 0.4322839000848321 0.4345226734375 0.45231442968750013
2 0.5691840482283015 0.45802398556432405 0.5470864244470574 0.4514935742043984 0.5314688527812559 0.5043403558275744 0.5535664765624999 0.5108707671875001
2 0.41168406173856387 0.314960416141886 0.38614238264016987 0.31382450542060425 0.38385839799465227 0.3651813610154188 0.40940007709304627 0.3663172717367006
0 0.5533995173120348 0.5307929197160206 0.5296755281250001 0.5192511578125001 0.5063249701879653 0.5672480224714794 0.5300489593750001 0.5787897843750001
0 0.5007517472332288 0.6213578900015791 0.47343771735275686 0.6181016067953268 0.4666390646505409 0.6751293870260863 0.4939530945310128 0.6783856702323388
0 0.3713892344065065 0.4413298035230241 0.34269056718750013 0.4256311296875001 0.31690637340599365 0.4727670855394761 0.3456050406250001 0.4884657593750001
1 0.524803360920159 0.40486862413001523 0.5149041443236027 0.34968092795424255 0.48404971374580763 0.35521539872251306 0.493948930342364 0.41040309489828575
1 0.5568744472934852 0.4062594247426127 0.5331543130165716 0.3955562397586421 0.508450690600348 0.45030379777212826 0.5321708248772616 0.4610069827560988
1 0.4889312057482 0.479247018638735 0.458859834375 0.4539272703125 0.4175299442518 0.5030133219862651 0.44760131562499994 0.5283330703125