1 0.9274702093749998 0.6438120421875 0.8615493458828253 0.6039764467509732 0.8422919269693387 0.6358440683968026 0.9082127904615133 0.6756796638333293
1 0.8724144562499998 0.5924151843749998 0.8700070443966716 0.5552989577826665 0.7943050142755678 0.5602091003635989 0.7967124261288959 0.5973253269559324
1 0.7419948625 0.6499183234375 0.7283173181882422 0.60239648715781 0.6483196464952922 0.6254210961602487 0.66199719080705 0.6729429324399387
3 0.6510402843750001 0.6450123375000002 0.5989605043588566 0.597091042971568 0.5724644220979227 0.6258863864408553 0.624544202114066 0.6738076809692874
3 0.9497817650602425 0.6735203634162505 0.8727149095291413 0.6722041237402793 0.8720408491563989 0.7116708821990286 0.9491077046875 0.7129871218749999
3 0.9236196624999999 0.77626939375 0.8829570400421005 0.7163194101565054 0.8400960663560186 0.7453909709261104 0.8807586888139178 0.8053409545196052
2 0.8238577593749999 0.7115259625000001 0.7699454898450819 0.65876762699397 0.742113602575629 0.6872082552587785 0.7960258721055469 0.7399665907648086
2 0.9156151995361382 0.7924941583139946 0.8440210032518429 0.7716328054605861 0.8336661702324779 0.8071696161788993 0.9052603665167732 0.8280309690323078
2 0.8044730029696691 0.5139902229285934 0.735893049640272 0.5071016548976255 0.7328885934809695 0.5370128733480929 0.8014685468103666 0.5439014413790608
0 0.5485866132947395 0.5136853398654918 0.4889618789987602 0.49239748514796516 0.4784439699382556 0.5218568901187031 0.5380687042342348 0.5431447448362298
0 0.7034147578125001 0.5289337000000001 0.7022733395322287 0.4970234723791826 0.6341123421296849 0.499461568696178 0.6352537604099564 0.5313717963169955
0 0.7148677695607498 0.7736806561818912 0.6422829879952949 0.7699007942152306 0.6400896189303638 0.8120201138821083 0.7126744004958188 0.8157999758487688