3 0.535264654922918 0.48562503285515735 0.5294207616095568 0.44934301519042813 0.4618810678132119 0.4602215382265551 0.46772496112657314 0.49650355589128436
3 0.2622381428537034 0.39174680349912183 0.19498322132136542 0.35817986665543805 0.18018648927967704 0.38782669016611654 0.24744141081201504 0.4213936270098003
3 0.24512560625000002 0.46600277031250015 0.18777926110227824 0.4183167367123515 0.15987689900433222 0.45187160312716984 0.217223244152054 0.4995576367273184
1 0.39650949262120844 0.32990159435614663 0.33221609268887714 0.2916800031108218 0.31475953744326557 0.32104406806152475 0.3790529373755969 0.3592656593068496
1 0.3117873790642921 0.37445567830940596 0.30841046283784584 0.33420781669596356 0.23778849033936472 0.3401332118676193 0.24116540656581095 0.3803810734810617
1 0.47176575312500013 0.45075809843750003 0.4152702862946387 0.39741897932155645 0.3846518918478398 0.429849220325499 0.4411473586782012 0.4831883394414425
2 0.3584645591126031 0.4635881755164403 0.352433472614836 0.4252295651355634 0.2806391198555248 0.4365177204478444 0.2866702063532919 0.47487633082872127
2 0.21957685869707846 0.4838604729208769 0.1524457912756904 0.47272944026942715 0.14716158941392593 0.5045983712624679 0.21429265683531398 0.5157294039139176
2 0.4798607359004062 0.30782217778380705 0.4146808359987754 0.2836107719266393 0.40233270228265006 0.31685337354742577 0.4675126021842808 0.34106477940459345
0 0.38383880000000004 0.5764431 0.3284283289819039 0.5430561630069596 0.30858789375000006 0.5759842468749999 0.3639983647680962 0.6093711838680405
0 0.6876092496429871 0.4043140393521586 0.630521884375 0.40223556406250005 0.6291819231818975 0.4390389143145662 0.6862692884498847 0.4411173896042248
0 0.5690979829216187 0.34524390561195833 0.5110893873764822 0.3151776182582772 0.493767290085137 0.3485981242205516 0.5517758856302735 0.3786644115742327