1 0.7272832203124999 0.4370408390625 0.7265947882127841 0.41418642173479314 0.6732583248349852 0.41579304915163295 0.673946756934701 0.4386474664793398
1 0.7379835614601638 0.529718339504557 0.6776749261044988 0.5215465804841123 0.6736639804216444 0.5511478768529168 0.7339726157773094 0.5593196358733616
1 0.6098546171875 0.5980316265625001 0.5544549345772469 0.5712426647152586 0.5403352604216329 0.6004422085886529 0.595734943031886 0.6272311704358943
3 0.44181717367151874 0.561675963231143 0.395042497479708 0.5497976028831345 0.3893234278261747 0.5723181884963907 0.4360981040179854 0.5841965488443992
3 0.7922592363584807 0.5651092990217682 0.7346129805962215 0.5561410782392798 0.7310019086750431 0.5793524576859836 0.7886481644373025 0.5883206784684721
3 0.8090275192078774 0.4695749133731228 0.8008417356882271 0.4398995984078393 0.7449906093750001 0.45530584531249996 0.7531763928946504 0.4849811602777834
0 0.5525945453124999 0.45779458906250003 0.535881620363402 0.42712418075530306 0.49063645992326227 0.4517791825137409 0.50734938487236 0.48244959082093786
0 0.42839852343749996 0.602002725 0.3791545322492449 0.5831321632049055 0.3689552872114068 0.6097477742409646 0.41819927839966187 0.6286183360360591
0 0.675517004134915 0.39204189427284597 0.6252084244897965 0.36984441766054565 0.6117749086852905 0.4002902702035529 0.662083488330409 0.42248774681585316
2 0.4990176296874999 0.6607551234375 0.4937772509310866 0.6302367336483441 0.4424994909832414 0.6390417487806508 0.44773986973965474 0.6695601385698067
2 0.5844366842077042 0.6437711054429387 0.5345474967932902 0.6370111731851787 0.5308532057785763 0.6642755258101436 0.5807423931929904 0.6710354580679035