1 0.5462013689677807 0.9041170681733057 0.5215148593750001 0.8322786578125001 0.4841842169697193 0.8451069380766946 0.5088707265625001 0.9169453484375001
1 0.4947824641854517 0.7846134417293446 0.4600873964325894 0.7735207866889059 0.4374748322471379 0.8442472668345615 0.4721699000000002 0.855339921875
1 0.6016337436906992 0.6628894224453956 0.5601537078603828 0.639552286808545 0.5193531063571838 0.7120723440506497 0.5608331421875001 0.7354094796875001
3 0.6111333667514275 0.587081927202558 0.5742589610432575 0.5664391674202407 0.5417009646043299 0.6245979011551828 0.5785753703125 0.6452406609375001
3 0.5861090343826194 0.8743059659799398 0.5489638469056952 0.8668539430594953 0.534126918773076 0.9408097645795557 0.5712721062500001 0.9482617875000002
3 0.6723387388591477 0.8676070213056182 0.6278785919189278 0.845121644866583 0.5951233468097803 0.9098883173109649 0.6395834937500002 0.9323736937500001
2 0.6359472409530584 0.8030966679373371 0.5974064927366443 0.7410211195736206 0.5620709319004161 0.7629598537318011 0.6006116801168304 0.8250354020955177
2 0.6951444863320891 0.9242317494993101 0.691308975991416 0.8491003696315795 0.6539294377077546 0.851008621627869 0.6577649480484278 0.9261400014955996
2 0.45206502259626236 0.7129584933456654 0.42250266195858527 0.7084568768759555 0.41251968311232295 0.7740156429052901 0.44208204375 0.778517259375
0 0.5074859986214887 0.5207085312836799 0.4988413168122611 0.45835503909526676 0.4670120406033818 0.46276784670854915 0.47565672241260926 0.5251213388969623
0 0.4703082213346198 0.6161877806472236 0.4401871249999999 0.60747646875 0.4217570614778802 0.6712020849777764 0.45187815781250007 0.679913396875
0 0.7445322342772198 0.6644702573003345 0.7033560897406889 0.6542753562246336 0.687030052338469 0.7202145223617993 0.728206196875 0.7304094234375003