1 0.5973664185752127 0.08726108229015014 0.56171875 0.07222222187500008 0.5323210814247873 0.14190558333484998 0.56796875 0.15694444375000005
1 0.5380142559162351 0.20595592209457986 0.5203125 0.13333333281250004 0.4842764638415396 0.14211711651632744 0.5019782197577747 0.21473970579840723
1 0.6360375623942826 0.3284841269493722 0.6 0.25416666718750003 0.555985423880918 0.2755099428892226 0.5920229862752006 0.34982740265109474
3 0.6417980344682064 0.3618034942741619 0.6079701408347511 0.3427753042305287 0.5726701593665642 0.4055308272535042 0.6064980530000195 0.4245590172971373
3 0.6360803951923076 0.1178098287259615 0.6265624999999999 0.04166666718749999 0.5885283121153846 0.04642094067307693 0.5980462073076922 0.12256410221153846
3 0.7201327674450115 0.13069083050861727 0.6965823694680493 0.057422928308112554 0.6511632940420744 0.07202191735928265 0.6747136920190366 0.14528981955978737
2 0.6796800966689689 0.1883438614320428 0.6466136045069052 0.16509398442121528 0.6039224598281883 0.2258102798343442 0.6369889519902519 0.24906015684517174
2 0.7485241894274137 0.0689603490009406 0.7115451707429546 0.06426341726798603 0.7021950598574114 0.1378769898716419 0.7391740785418704 0.14257392160459648
2 0.48953802747875585 0.277032802147556 0.484375 0.20972222187499998 0.45429628881315204 0.21202939575100016 0.4594593162919079 0.2793399760235562
0 0.5299845879987075 0.4696656753032606 0.4988643619707648 0.462972538627589 0.4857564115529539 0.5239189079506696 0.5168766375808966 0.5306120446263413
0 0.5007089202154781 0.37390342408464694 0.4867187499999999 0.3083333328125 0.45554107978452185 0.31498546497785307 0.46953125 0.38055555625
0 0.7789236646312545 0.3293942506102532 0.7671875000000001 0.2611111109375 0.7247771504149869 0.26840038977242414 0.7365133150462414 0.3366835294451773