3 0.4416582933962879 0.43464435963182774 0.37901723639013024 0.43347754899747315 0.3783847927400712 0.4674307352044601 0.4410258497462289 0.4685975458388147
3 0.9609563908586051 0.3495810673458962 0.9604540240157465 0.30880763287360546 0.8812775857303045 0.3097831606368422 0.881779952573163 0.3505565951091329
3 0.8949037928825699 0.16485037202775038 0.8696192281667265 0.12479617662861506 0.7959129441474125 0.17132391959485904 0.8211975088632559 0.21137811499399434
1 0.8494976373078043 0.2941867666499068 0.7710571811270908 0.2781593725712114 0.7618173640463668 0.3233804149490077 0.8402578202270805 0.33940780902770307
1 0.6983965624999999 0.42478771093749995 0.6291175940200588 0.41040201385064223 0.6197883422016881 0.4553300377596677 0.6890673106816292 0.4697157348465254
1 0.744665307952588 0.15951131025614346 0.7267049257443234 0.11458474334164777 0.6525067125490367 0.1442471092796885 0.6704670947573013 0.18917367619418418
2 0.5921556578125 0.5481055296875001 0.5772047410093021 0.5118999882930922 0.512549751018551 0.5385989779790362 0.5275006678217491 0.5748045193734441
2 0.7127577265625 0.5309919468750001 0.7079169900789173 0.49625080648111863 0.6411474207096781 0.5055542975805564 0.645988157193261 0.5402954379744378
2 0.456168629603681 0.1390565883579538 0.3898259146135191 0.13789833143050062 0.38900726512462697 0.18478898965245125 0.4553499801147888 0.1859472465799044
0 0.4536591982216655 0.4905238850392126 0.39038199984213384 0.4901558250974515 0.3901875145487957 0.5235919127889588 0.45346471292832746 0.5239599727307199
0 0.5048949970591083 0.25563189167527745 0.43817648535916265 0.23386842921814202 0.4243672522548964 0.27620229416490233 0.4910857639548422 0.2979657566220377
0 0.6221418625000001 0.11652780781250009 0.562001192051363 0.10563918002166799 0.5527606565164803 0.15667701628972483 0.6129013269651173 0.16756564408055694