3 0.3735686999060961 0.5045000626238405 0.31373157013499936 0.5035265801015061 0.31330353323782345 0.5298367590472064 0.3731406630089202 0.5308102415695408
3 0.3802405078125001 0.566207696875 0.3373251021166944 0.5399043743710397 0.31750001406250006 0.5722501625000002 0.3604154197583057 0.5985534850039606
3 0.576505256032807 0.5345689609359463 0.5646928070493995 0.5041836698511943 0.5069078268533366 0.5266478986344342 0.5187202758367441 0.5570331897191861
2 0.45042441875000006 0.5432735687500001 0.4052574575673768 0.5170485678774549 0.38918982182698036 0.5447216376824888 0.4343567830096037 0.570946638555034
2 0.4902575171875 0.4167164265625001 0.4358085620121509 0.4092309159309382 0.4326691966750671 0.4320663871407704 0.48711815185041624 0.43955189777233217
2 0.37080095988655976 0.6083607761112904 0.3698071063390155 0.5830033625192799 0.31837376038006854 0.5850192310997994 0.3193676139276128 0.6103766446918099
0 0.5607845890625 0.42974898437500003 0.5099782570532934 0.41389627436765075 0.5021192125 0.4390837171875 0.5529255445092067 0.4549364271948493
0 0.6651876343749998 0.473079521875 0.6595046825734414 0.44449439803925744 0.607104184788053 0.45491203712325123 0.6127871365896114 0.4834971609589938
0 0.49946443437499993 0.6257733859375 0.44915691958689064 0.6073924308964199 0.43793078906250005 0.6381176421875001 0.48823830385060935 0.6564985972285801
1 0.4000372617185069 0.4908902229119926 0.39154132323554947 0.46196179277860516 0.336891926293663 0.4780116756242395 0.34538786477662037 0.506940105757627
1 0.44430395967472763 0.4453877109643867 0.3866195380854852 0.42920722002769196 0.37959027106563215 0.4542669789573175 0.4372746926548746 0.4704474698940122
1 0.5234311390624999 0.5188912281250001 0.4688847722221857 0.48545916662245425 0.4483516481680258 0.518960161377163 0.5028980150083401 0.5523922228797089