3 0.3486598717064845 0.518271296578831 0.31796874999999997 0.4611111109375 0.2866829242963306 0.47790946583410976 0.3173740460028151 0.5350696514754407
3 0.5545169713095499 0.9111957247754845 0.5189668175647097 0.9051966364060313 0.5081998462551598 0.9690009116305468 0.5437500000000001 0.975
1 0.46037107372263525 0.5296667249276635 0.4245625017070999 0.5170777736317496 0.402389668243713 0.5801471656088131 0.43819824025924825 0.5927361169047272
1 0.3136809702531272 0.6461916172472718 0.29945268378083345 0.5795055089245621 0.26374008017293044 0.5871252241483949 0.2779683666452241 0.6538113324711046
1 0.5593104016680301 0.6705408337690159 0.5228634014266834 0.6646832801378796 0.5115657541254501 0.7349797519833831 0.548012754366797 0.7408373056145193
2 0.6250068025638995 0.7290057297422714 0.61953125 0.672222221875 0.585915255823403 0.6754637641821775 0.5913908083873025 0.7322472720494487
2 0.6540739332833022 0.8443563691170264 0.6298337828330207 0.7831180942952626 0.5947868781613508 0.7969908273944653 0.6190270286116324 0.858229102216229
2 0.2898089982894179 0.8395240117297067 0.25155995451551216 0.8339460261793455 0.2423849429558012 0.8968603911602209 0.2806339867297069 0.9024383767105821
0 0.3959398705325496 0.8249392096665249 0.35908629439339534 0.8103797703595227 0.3348806232789142 0.871650367709232 0.37173419941806846 0.8862098070162341
0 0.2876437613791543 0.6839272954847104 0.24811906016796076 0.6756694560950224 0.23547529878880652 0.7361866043603118 0.275 0.74444444375
0 0.6056534545329086 0.9030551118619465 0.5702988218766892 0.8994392971173808 0.5630828673437808 0.9699952961929345 0.5984375000000002 0.9736111109375003
3 0.47581256202796485 0.4371103407839657 0.4444303837710593 0.4345885585125435 0.4397115717430945 0.4933115505410779 0.4710937500000001 0.4958333328125001