1 0.2657315166442012 0.3030390218884012 0.25783381874999994 0.2546140484375 0.22535742661498265 0.25991066948853764 0.2332551245091839 0.30833564293943877
1 0.16765902890386336 0.16185806483142648 0.14033672012059034 0.11219608411243534 0.10449715954164555 0.1319137741162955 0.1318194683249186 0.18157575483528668
1 0.3706746753563164 0.26371070758008114 0.3672917060291742 0.20199744274135076 0.33079235966933584 0.20399824709870792 0.334175328996478 0.2657115119374383
3 0.4002734207234463 0.026325349915925333 0.3685802789846812 0.020077038533605505 0.35773682232373494 0.07507801205518022 0.38942996406249997 0.08132632343750004
3 0.27490663049280356 0.3373021016874219 0.2438453705935796 0.3332380421312759 0.23618609235676086 0.39177725118260887 0.26724735225598484 0.3958413107387549
3 0.17748722032551395 0.25548548069388277 0.1520975010868232 0.22481184956261582 0.11192325379446588 0.25806558646169925 0.13731297303315665 0.28873921759296617
0 0.4373923830050847 0.055811540064460874 0.40918737315324405 0.054820967315880174 0.40709254358818425 0.11446796306161985 0.4352975534400249 0.11545853581020056
0 0.252573149045357 0.0379322215029755 0.24809394829574175 0.0050430859828041515 0.2124634 0.009895642187500003 0.21694260074961527 0.04278477770767135
0 0.1458306756259164 0.0840150786021587 0.1436894475014581 0.03042821523045621 0.10507736493671409 0.031971079879167766 0.10721859306117239 0.08555794325087027
2 0.43132909042307094 0.25649876864077004 0.4034326530842197 0.24529349691935395 0.3825826032861489 0.29720139546608404 0.4104790406250001 0.3084066671875001
2 0.46351355459937 0.21923484484741898 0.4396934015625001 0.16897904375 0.40846293571100717 0.18378160305162677 0.43228308874787713 0.2340374041490457