3 0.47890625 0.575 0.44453125 0.575 0.44453125 0.6375 0.47890625 0.6375
3 0.3640625 0.05416666718750004 0.3234375 0.05416666718750004 0.3234375 0.13333333281250004 0.3640625 0.13333333281250004
3 0.22477576083213785 0.19143052323112203 0.17878520362426115 0.1171023490367646 0.13872983774929815 0.14188660636209477 0.18472039495717488 0.21621478055645219
1 0.35504751595119816 0.17880528008115348 0.3094144567359934 0.1650542466736745 0.2872518243675791 0.23860135293571041 0.3328848835827839 0.2523523863431894
1 0.4788610430570854 0.32425971263101094 0.4356662589613995 0.3177804950976483 0.4247892472418073 0.39029390746801396 0.4679840313374931 0.3967731250013766
1 0.2016982581291676 0.34157957739204015 0.17254226460065913 0.2670698141277966 0.12767930339575007 0.2846248854265906 0.15683529692425854 0.3591346486908341
2 0.5863718443346508 0.4912313242780385 0.56015625 0.4263888890625001 0.5240006659207375 0.44100647894794553 0.5502162602553882 0.505848914163484
2 0.5526133838990371 0.3720856462071259 0.54375 0.30555555624999997 0.5090452356132263 0.3101790529277263 0.5179086195122634 0.37670914288485224
2 0.1985955657900042 0.559259700676656 0.1520506708602381 0.5545844322336004 0.14551477516555372 0.6196529052178317 0.1920596700953198 0.6243281736608873
0 0.5353312566784008 0.5650887218986889 0.5023487865698505 0.5637635333912058 0.4998300298914497 0.6264525896175169 0.5328125 0.627777778125
0 0.3063062095077703 0.5197529305112696 0.2640037644115817 0.5085552243740601 0.24565544174127335 0.5778711095077717 0.2879578868374619 0.5890688156449813
0 0.17435368727250672 0.39243947009941466 0.1252393946250911 0.3886024159863353 0.12006971414705177 0.4547743261052385 0.1691840067944674 0.45861138021831777