1 0.35150359687500005 0.3468260265625 0.3015588913303852 0.3290357835462677 0.2934277890625 0.3518632125 0.34337249460711483 0.3696534555162324
1 0.31154495017846406 0.46501524304481673 0.3059610466682255 0.43442911699149916 0.24848474953425342 0.44492217834756753 0.25406865304449205 0.4755083044008851
1 0.4197601399047697 0.5573094873399234 0.41739902711674165 0.5266287747729187 0.35339886824748995 0.5315540708595725 0.35575998103551804 0.5622347834265772
3 0.5754000017663392 0.5638247285568861 0.5746175206931111 0.5408016185609066 0.5260757839295801 0.5424513952542254 0.5268582650028082 0.565474505250205
3 0.2445611008720776 0.4609219023389852 0.18871617306896624 0.4595434347660613 0.18813427688438872 0.4831174027395761 0.2439792046875001 0.4844958703125
3 0.27198355078547054 0.3579540525703736 0.20896153510501803 0.3444043867450302 0.20305139748268627 0.3718935359764125 0.2660734131631388 0.38544320180175584
0 0.5158383765624999 0.42469562031250013 0.5029853297414976 0.3935704575558539 0.4538744281012468 0.41385066373948254 0.4667274749222491 0.44497582649612877
0 0.5811173231202169 0.608051010628462 0.5807173390357698 0.5804173975027275 0.5265791427737299 0.581201023471831 0.5269791268581769 0.6088346365975654
0 0.41621090625000007 0.34415097031249997 0.40973045596620494 0.31176860692520797 0.3571752078189279 0.3222861120466717 0.363655658102723 0.35466847543396374
2 0.5007223984375001 0.6167449687500002 0.45362579945641457 0.5940459321065941 0.439664275 0.6230136953125003 0.4867608739810855 0.6457127319559064
2 0.4123152093750001 0.5913167171875001 0.36263885800851564 0.5854747289033947 0.3594269573556999 0.6127865785039198 0.40910330872218437 0.6186285667880252