3 0.5853980015493729 0.5310388218639579 0.5605112138181375 0.4687542827584964 0.5259280314843247 0.48257254857812326 0.55081481921556 0.5448570876835848
3 0.6153417805700577 0.18946178373098366 0.5830541541550599 0.17991909164385342 0.5617520551062978 0.2519945824657056 0.5940396815212956 0.2615372745528358
3 0.5550306388676851 0.19011689318979016 0.516374763118135 0.16756170038463564 0.4791327976879499 0.23138827906984555 0.5177886734375 0.2539434718750001
1 0.7069518686304566 0.322361009160736 0.6740073562397332 0.30568631402993507 0.6418271532342766 0.3692653533066991 0.674771665625 0.38594004843750007
1 0.6584157312368439 0.2986709497102656 0.6401881875000001 0.23134629843750001 0.601745203821703 0.24175439046803965 0.6199727475585468 0.30907904174080525
1 0.6163591888348918 0.41381371340918394 0.5784080483100553 0.3881501176766777 0.5355465516626635 0.4515333902049939 0.5734976921875001 0.4771969859375001
2 0.5771624134339953 0.35293149865927703 0.5520039577401389 0.28557103569278264 0.5156573527049344 0.29914612725435835 0.5408158083987908 0.36650659022085275
2 0.49562310199594267 0.23052770972117798 0.49449660174248367 0.1610943190602834 0.462216895473309 0.16161803102289518 0.463343395726768 0.23105142168378973
2 0.7279724757175992 0.39876630568331856 0.6927016409571091 0.39245182205716816 0.6804511152118707 0.46087962943955085 0.7157219499723608 0.46719411306570124
0 0.4575167600240782 0.34454806448760245 0.4209578453125 0.33038199531250007 0.3974633243509219 0.39101520113739774 0.43402223906250004 0.4051812703125002
0 0.6576946685517813 0.6840145824896396 0.6497616749999999 0.628968521875 0.613600373971461 0.634179927826312 0.6215333675232424 0.6892259884409517
0 0.7144640459673981 0.49818767122811175 0.6779313919660238 0.4867606404345063 0.6583420690520924 0.5493884541738658 0.6948747230534666 0.5608154849674714