3 0.7734452074847356 0.498486382771698 0.6655917195716616 0.4353626714675881 0.6290864578124999 0.49773574375 0.7369399457255739 0.56085945505411
3 0.2271753349400322 0.5295592857259971 0.21817951088438498 0.4708718020616224 0.08781925616546579 0.4908538807277864 0.09681508022111301 0.5495413643921612
3 0.2522760171875 0.38945443906250005 0.2239721337428982 0.3174041746668207 0.10351039575823655 0.36472579131943755 0.13181427920283834 0.43677605571511685
1 0.296165441746512 0.5799260263779834 0.1845853436970045 0.5387862138251874 0.157974009375 0.6109619265624999 0.2695541074245075 0.6521017391152959
1 0.4113408810390847 0.704035357671345 0.38806047739039684 0.6341306864715738 0.27402502354168307 0.6721079968614989 0.29730542719037095 0.7420126680612702
1 0.6387983313143764 0.5309968823743222 0.602342142173936 0.45897573029100175 0.48240009717627397 0.5196888645833737 0.5188562863167143 0.5917100166666941
2 0.44415412349828803 0.4536008932488388 0.4126622646961403 0.394622919416145 0.3117351520759762 0.4485139260648131 0.34322701087812385 0.5074918998975069
2 0.23631448125524263 0.2775245298144652 0.11478016278294505 0.2676858092171757 0.10952429930841863 0.33260967599879654 0.2310586177807162 0.342448396596086
2 0.5397694006091465 0.7812381086373933 0.5262523248707328 0.7056331391661401 0.4216243925138722 0.72433910116721 0.4351414682522858 0.7999440706384633
0 0.9490327212717853 0.6404488692979495 0.8570240848937594 0.6251901798665 0.8467211338883283 0.6873161230504208 0.9387297702663542 0.7025748124818703
0 0.587335337550408 0.2667950237009927 0.5716582035389626 0.19789019010826306 0.4574918599251113 0.22386516131289452 0.4731689939365567 0.29276999490562416
0 0.7268622812500002 0.7582049453125002 0.7072417045871026 0.6813849126041078 0.5942819953125001 0.7102359109375002 0.6139025719753979 0.7870559436458924