3 0.7921171936437191 0.41337064026015397 0.788621461304092 0.38320295288948747 0.7297835338596792 0.3900208983036279 0.7332792661993063 0.4201885856742944
3 0.3678863510751598 0.5594510966077398 0.36274766488097004 0.5328054642932374 0.2988978947421013 0.545119074585616 0.30403658093629116 0.5717647069001185
3 0.41635177688281244 0.6707514956026297 0.39778551574155785 0.6438701199673698 0.3391812417348874 0.6843465550265295 0.357747502876142 0.7112279306617895
1 0.45348010468750005 0.5508402812500001 0.39125642564779295 0.5373291207390622 0.38349664866945204 0.5730656417972726 0.4457203277091592 0.5865768023082105
1 0.5278332874458551 0.6871013810849591 0.5156933491522031 0.6573850918344714 0.4557885635615378 0.6818578782727442 0.4679285018551898 0.711574167523232
1 0.5793493859375002 0.42154679531249994 0.5112956106594544 0.42011103046246695 0.5105751715777316 0.45425910099640865 0.5786289468557774 0.45569486584644164
0 0.7287095984374999 0.56487905 0.6986468682580967 0.5381019902331908 0.6606008663078045 0.5808164144828022 0.6906635964872077 0.6075934742496114
0 0.7877847752860858 0.3674437332827941 0.7854296862201204 0.33390607288354407 0.7249717796840346 0.3381515614757499 0.72732686875 0.371689221875
0 0.6132188514750296 0.6740315602863597 0.5504772077444555 0.6719392460832461 0.5491753829520266 0.7109767038439654 0.6119170266826008 0.713069018047079
2 0.6777761796874999 0.3346577312500001 0.6604929480134735 0.30505283410405626 0.6085567390624999 0.3353730046875 0.6258399707365262 0.36497790183344375
2 0.5682754437499999 0.37709495468749993 0.5560760979552738 0.3458166935373477 0.5044399627156988 0.36595614650331776 0.516639308510425 0.39723440765347007
2 0.7542823043549314 0.6437864257684195 0.6995758736552143 0.6394171713006832 0.6965194875 0.6776854796875 0.7512259181997171 0.6820547341552363