3 0.4918353244949474 0.6892410881906041 0.439313234375 0.6449797187499999 0.35655462156623385 0.7431839852487302 0.4090767116861812 0.7874453546893344
3 0.552561390625 0.11212234843750005 0.4915225200510413 0.1115159591112789 0.49019096217534025 0.24554996222137326 0.5512298327492989 0.2461563515475944
3 0.7033689986712536 0.26763124802535004 0.6784886718750001 0.13853115156250004 0.5991328560162463 0.15382470041215 0.6240131828124998 0.282924796875
1 0.48532693045690534 0.20856745900511503 0.42189935468749995 0.17056522812500002 0.36127631120978826 0.2717480427782982 0.4247038869791936 0.30975027365841323
1 0.35013494106277493 0.4027265654204629 0.33835000941186 0.28207668533159697 0.2628927739607827 0.2894472551299503 0.27467770561169763 0.4100971352188162
1 0.501729637701887 0.5500537996488694 0.4418585807121901 0.49534801401750944 0.34780313055923545 0.5982840956642572 0.40767418754893237 0.6529898812956172
2 0.6008134423891232 0.38231128165222616 0.551564128125 0.3369290187500001 0.4749082318098757 0.4201168125353211 0.5241575460739989 0.4654990754375472
2 0.7719608455567355 0.1635826722004921 0.7102196550062353 0.1456713849618352 0.6768728253089957 0.2606197378724401 0.7386140158594959 0.278531025111097
2 0.2564471964216065 0.42533069595866024 0.17957785914102803 0.41875028477455273 0.1700544784155268 0.5299980388370843 0.24692381569610525 0.5365784500211918
0 0.2637925756429234 0.8635938012866567 0.2062052871280609 0.8417334297106492 0.1718224778231848 0.9323088690396185 0.2294097663380473 0.954169240615626
0 0.7496548166056256 0.6204003376294522 0.7478146802009324 0.5023026722057579 0.6758794867561164 0.5034235289793576 0.6777196231608096 0.6215211944030519
0 0.23935329304102346 0.7151873510787198 0.2341121640625 0.5920717078125 0.1534106602046828 0.595507233788391 0.15865178918320627 0.7186228770546108