3 0.45071103460574136 0.5959301333725102 0.41618904587438693 0.589808929457559 0.4052379468522872 0.6515702630595108 0.43975993558364157 0.657691466974462
3 0.38587346467141614 0.06428677504066062 0.3450157742283046 0.059484605073059214 0.3357741985398476 0.1381135251723123 0.3766318889829591 0.14291569513991367
3 0.23309264702084814 0.18739412865971297 0.19457572789590316 0.1089488207545749 0.15215343861152453 0.1297783123978145 0.1906703577364695 0.20822362030295255
1 0.3639838710058389 0.18700666258914667 0.31996229249513647 0.16886830280893622 0.2906857574549993 0.2399220971656261 0.3347073359657017 0.25806045694583657
1 0.47297140950211675 0.34349522822349354 0.4306377668098361 0.3327980314732883 0.4126800388382417 0.40386487798146964 0.45501368153052235 0.4145620747316749
1 0.19525105928045078 0.3349183181551257 0.17354452326092998 0.2578624845735332 0.12705407372974045 0.27095878851843724 0.14876060974926125 0.3480146221000297
2 0.5636631012512856 0.5198108336218568 0.5439155999999999 0.452616340625 0.5064005280794499 0.4636414841546609 0.5261480293307355 0.5308359771515176
2 0.5417755503953872 0.39799024133651034 0.53951594375 0.3306800640625 0.5044795107998685 0.3318562391957565 0.5067391174452556 0.39916641646976686
2 0.17055769384330935 0.5515856462064026 0.12470275513300526 0.5423458516143798 0.11177715449008807 0.6064925833811825 0.15763209320039215 0.6157323779732052
0 0.5054514663153693 0.5886888385370246 0.47275153224015104 0.5841145657800497 0.4640691784247819 0.6461817866180253 0.49676911250000017 0.6507560593750001
0 0.28175807131125985 0.5221599284817013 0.24079356454779904 0.5068785893509806 0.21569890479875017 0.5741495497179325 0.25666341156221095 0.5894308888486532
0 0.16289348873704554 0.3831451363305086 0.1143936359886154 0.3744831106874162 0.10274373400352074 0.439712487058671 0.15124358675195088 0.44837451270176343