2 0.3592761038374016 0.29880627098128015 0.3247602057447728 0.2885877485868738 0.3079995035096164 0.34520167650919564 0.3425154016022452 0.355420198903602
2 0.32072696489959374 0.27134704023459527 0.29676796071414246 0.21023421865892264 0.26951702556379437 0.2209178240381342 0.29347602974924564 0.2820306456138068
2 0.0886524068724911 0.6282991730224108 0.08291604791057434 0.5773093149457773 0.04218159335572367 0.5818919410259152 0.04791795231764042 0.6328817991025486
1 0.1456542571709801 0.2329443115350517 0.1071740357385231 0.23041063693737365 0.10358243657380006 0.28495810379907127 0.14206265800625706 0.28749177839674933
1 0.05629997405969709 0.39602307272757836 0.011993274619393368 0.37549864563005214 -0.009930169042444037 0.42282544429809094 0.034376530397859685 0.4433498713956171
1 0.2611558615857715 0.3280451973499968 0.2586736343632231 0.26185247307019094 0.2185217646034688 0.26335816822382413 0.2210039918260172 0.32955089250363
3 0.3067649375307345 0.49441299738810507 0.2966892688454966 0.4406761010920591 0.2647395833993711 0.4466666674876181 0.27481525208460905 0.500403563783664
3 0.052462173797984527 0.29304272246114926 0.00205513643769657 0.26566112409784004 -0.01846386983523547 0.30343475228682165 0.03194316752505248 0.3308163506501308
3 0.15674197667478112 0.18860290000994104 0.12768369916617256 0.13371504289726763 0.09347550678474822 0.15182526252647918 0.12253378429335679 0.20671311963915265
0 0.34518641462727134 0.4624546016934639 0.3375534708793954 0.403652664955492 0.30741231204046143 0.407565219246664 0.31504525578833736 0.46636715598463596
0 0.15860828778763233 0.5001278764426216 0.12073712028220385 0.4964550261774214 0.11603508249457155 0.5449382606722998 0.15390625000000005 0.5486111109375
0 0.04739599513931646 0.5236132691318853 0.04321330532202265 0.46784407087085295 0.0016761186461810185 0.47095935983259996 0.005858808463474824 0.5267285580936323