2 0.6773427998204811 0.6976774244226976 0.6677310590990014 0.6623997134215693 0.6118490553793305 0.6776252854756365 0.6214607961008102 0.7129029964767648
2 0.7534097247286543 0.7314219678468181 0.6940324020037445 0.7038495828428687 0.681618199726896 0.7305836537206384 0.7409955224518058 0.7581560387245878
2 0.3701901827045563 0.9231079553118366 0.31874013248520994 0.9159288778261928 0.31309818866264333 0.9563628045509363 0.36454823888198973 0.9635418820365802
1 0.7193406741803468 0.8813103499958881 0.6646418441121924 0.880769489779014 0.6642609597761749 0.9192894750200402 0.7189597898443293 0.9198303352369143
1 0.5634865875000001 0.9696114703125 0.5026892000000002 0.9696114703125 0.5026892000000002 1 0.5634865875000001 1
1 0.6987446057662532 0.7664432903550851 0.6326571902803407 0.7600939510020454 0.6288071428560202 0.8001673617340973 0.6948945583419326 0.806516701087137
3 0.5232714583089477 0.7177690727698398 0.4692501377088657 0.706065486041773 0.46236870173991784 0.7378287623180935 0.5163900223399999 0.7495323490461604
3 0.6656437812500002 0.9816155109375 0.6144880531250002 0.9816155109375 0.6144880531250002 1 0.6656437812500002 1
3 0.816997019138563 0.9047186303857332 0.7641961234730892 0.8723733780043418 0.7438119582138724 0.9056488080547469 0.7966128538793462 0.9379940604361382
0 0.5634293953195609 0.6794446351677937 0.5050350674858991 0.6683476585319644 0.49934088623480016 0.6983114854041754 0.5577352140684619 0.7094084620400047
0 0.4561482576285217 0.8884670191718407 0.4520288550734479 0.8494418031362383 0.4049420437499999 0.8544121671875 0.4090614463050737 0.8934373832231024
0 0.47396349687500017 0.963149184375 0.4190525015625002 0.963149184375 0.4190525015625002 1 0.47396349687500017 1