3 0.8184378638699792 0.6043224418676664 0.7162227318329777 0.521515312330656 0.6743469828124999 0.5732057312500003 0.7765621148495014 0.6560128607870107
3 0.2731662570954659 0.45898914878083075 0.13559209843750003 0.4568196609375 0.1346302587910828 0.5178129873239594 0.27220441744904866 0.5199824751672901
3 0.30454532418129393 0.3839828469234269 0.20857751891112514 0.2808242524845074 0.15207324641876468 0.3333898292934288 0.24804105168893348 0.43654842373234837
1 0.3404862751478429 0.585916140869861 0.23787970012276327 0.5258400021509673 0.20156472187500007 0.5878638875000001 0.3041712969000797 0.6479400262188937
1 0.448350780830378 0.7341184715837641 0.4389928597548905 0.6579885547531267 0.31856652976223265 0.6727914093784504 0.3279244508377202 0.7489213262090878
1 0.6842070048240367 0.6049178165309612 0.5763927960527471 0.5106375966561867 0.52470826847065 0.5697414728921883 0.6325224772419398 0.6640216927669629
2 0.49020343250361414 0.4873264316701699 0.40303436696889783 0.4104900060534832 0.360163709375 0.4591257296875 0.44733277490971635 0.5359621553041867
2 0.2931233275156995 0.27230821327434 0.17689362627825872 0.23843023196283167 0.15921021096645055 0.2990990793669965 0.27543991220389136 0.33297706067850485
2 0.5785571099752379 0.7610270656051673 0.46607271235310577 0.755990157319495 0.4625973799935556 0.8336013912013371 0.5750817776156877 0.8386382994870095
0 0.998154785790982 0.786034934139653 0.9051585634745012 0.7509108885733935 0.8838524880435743 0.8073219453159439 0.9768487103600553 0.8424459908822033
0 0.635778675902579 0.3339033086938456 0.6344586677151446 0.2615863801497052 0.5151301818334384 0.26376449503274896 0.5164501900208729 0.33608142357688936
0 0.7641697890625 0.8537715328125002 0.7604246709030138 0.7723262778565234 0.633452875 0.7781648546875001 0.6371979931594862 0.8596101096434768