1 0.4836754051308332 0.8480530517070516 0.44785536655826147 0.8371806559219586 0.4258243864274284 0.9097636057774071 0.46164442500000014 0.9206360015625001
1 0.5339074137547283 0.8420359870789426 0.5091503223582358 0.7718653205235183 0.47319422735350747 0.7845510818820759 0.49795131875000004 0.8547217484375003
1 0.4488616973685775 0.7240095662797046 0.40962710783238265 0.6489564657722322 0.3669532667474207 0.6712645466853531 0.40618785628361553 0.7463176471928255
3 0.4236967184848379 0.5953966720556358 0.38925517620621486 0.5767482216452076 0.3559803749088769 0.6382029511520717 0.39042191718749997 0.6568514015625001
3 0.438550486091402 0.9490906735830313 0.41952694112995703 0.8757866137312027 0.380461222226055 0.8859247760856717 0.3994847671875 0.9592288359375003
3 0.37872838088049393 0.8977203055328038 0.34018063121439346 0.86346923060643 0.2925977706463995 0.9170211906986262 0.3311455203125 0.9512722656250002
2 0.40667519784485895 0.7747488687566882 0.3722754683839834 0.7547301179627018 0.33477483303912453 0.8191702882685137 0.36917456250000014 0.8391890390625001
2 0.31549774373469136 0.8743817237414252 0.2781381188377049 0.8732392904908931 0.2758890479700763 0.9467879586010198 0.3132486728670627 0.9479303918515519
2 0.5559159412788823 0.7707021325939384 0.5471087088459701 0.7022253797358524 0.5168611519884929 0.7061157111644413 0.5256683844214051 0.7745924640225272
0 0.5003545582414712 0.46385963684320897 0.4689651605240391 0.4598397160192496 0.4611171965700042 0.5211202418338439 0.4925065942874364 0.5251401626578034
0 0.5480969713831239 0.6673997684982153 0.5284588109375 0.6029717500000001 0.49756298486687617 0.6123890377517848 0.5172011453125 0.67681705625
0 0.28079553677821434 0.7512477965068656 0.2660823980657323 0.6808464428785677 0.22432177927632208 0.6895739707640641 0.2390349179888041 0.759975324392362