3 0.5887850036329481 0.6461199339447792 0.5659690772530421 0.6197226195821175 0.5162657694695284 0.6626825584473568 0.5390816958494342 0.6890798728100185
3 0.9731446914483662 0.35305990656447606 0.9682878571970326 0.3197538613811202 0.9012906404290224 0.3295236907124485 0.906147474680356 0.3628297358958044
1 0.6185193716746011 0.5145503944250142 0.5506973963028289 0.5093544715388905 0.5478204063831266 0.54690759612432 0.6156423817548987 0.5521035190104439
1 0.7134246850069207 0.6562458144545178 0.6977411866559837 0.6234999857138569 0.6360950694853763 0.653025174544591 0.6517785678363135 0.6857710032852519
1 0.7401981507358137 0.41182468602964883 0.7392303247774553 0.37345006202707254 0.6691228777046796 0.37521820461908134 0.6700907036630381 0.41359282862165764
2 0.7212791510141121 0.3330603096958801 0.7104334602845618 0.3010741756797647 0.6563319448080376 0.31941863408048093 0.6671776355375879 0.3514047680965963
2 0.8380381963991607 0.275969299527077 0.8163876131242725 0.24532621943860944 0.7623747029295905 0.2834885388501335 0.7840252862044785 0.31413161893860103
2 0.9587435613406271 0.6334786235062977 0.9554190513331173 0.5950275035074439 0.8917947904545883 0.6005285004099368 0.8951193004620979 0.6389796204087904
0 0.919005308818161 0.509157078315565 0.8519644330190597 0.5030147624709118 0.8483721145786648 0.5422234551666759 0.9154129903777661 0.5483657710113292
0 0.8025032468750002 0.6377604468750002 0.7425483714296959 0.6358069984173497 0.7411887694634975 0.6775356481901963 0.8011436449088019 0.679489096647847
0 0.9607468019274623 0.3027397658666798 0.9550464658012728 0.26778401334357366 0.8836325207574207 0.27942969285163455 0.8893328568836102 0.31438544537474067
3 0.5229861684158976 0.5342499896073852 0.5164783332448849 0.5042270682345104 0.4567169838474719 0.5171810711659853 0.4632248190184846 0.5472039925388603