3 0.5776348022162072 0.50865228984238 0.5412148076586953 0.49392547501770173 0.5161519146486458 0.555906999053158 0.5525719092061578 0.5706338138778362
3 0.610886006236815 0.8539569092665689 0.5892933175733303 0.7820956724870249 0.5584358407068247 0.7913676516621566 0.5800285293703092 0.8632288884417004
3 0.5501101522863708 0.8460276508892424 0.5134506749999999 0.7800268765625 0.47691148405825884 0.8003222087620857 0.5135709613446298 0.8663229830888282
1 0.6989280160720399 0.7383458963945564 0.6716890003606467 0.6684459935353403 0.6412258914395981 0.6803170415422249 0.6684649071509913 0.7502169444014409
1 0.6546406998847051 0.7498739237869734 0.6146256692228469 0.739349217936879 0.5962554787131419 0.8091928550874057 0.636270509375 0.8197175609375001
1 0.6077711551899909 0.6314532201286787 0.5652646171875001 0.5643636218749999 0.5292807626133823 0.5871622243669589 0.571787300615873 0.6542518226206375
2 0.5777204184212688 0.7267541709067393 0.5385258541897833 0.6722093936319035 0.5038226559337924 0.6971462767037484 0.5430172201652779 0.7516910539785842
2 0.49177433149453603 0.8664202959959482 0.4916881976796911 0.7987060635179486 0.459399201114048 0.7987471357467835 0.4594853349288929 0.866461368224783
2 0.720436704005808 0.660720797982249 0.7073692718311032 0.5925267029042032 0.6731886912246556 0.5990764256955329 0.6862561233993603 0.6672705207735787
0 0.4499518502296073 0.6766975894405737 0.4270208765625 0.616980525 0.3923316607078926 0.6303009636844263 0.415262634375 0.6900180281250001
0 0.6465176737475173 0.3640303305515782 0.6095493381553504 0.3592562905627357 0.6019201425328331 0.41833385688615754 0.638888478125 0.4231078968750001
0 0.7045507994348915 0.5587795750092248 0.6850316315707945 0.49706718887625356 0.6501734716864348 0.5080925650908483 0.6696926395505318 0.5698049512238196