3 0.5311768356526556 0.19164290688671087 0.5 0.050000000000000024 0.4362735501499782 0.0640267458312643 0.46745038580263376 0.20566965271797516
1 0.4512394984355863 0.16187320113520837 0.3765625 0.13888888906250005 0.3370417515644138 0.26729346605229176 0.4117187500000001 0.290277778125
1 0.3567907052624616 0.40808357139367873 0.3142297307472868 0.2819769799509996 0.23904387038384778 0.30735220776598926 0.2816048448990226 0.4334587992086685
1 0.5565965552546119 0.6159694208760935 0.4841863399866164 0.48997906961825627 0.40762446661221663 0.5339813418320696 0.48003468188021214 0.6599716930899068
3 0.5789889130340248 0.6791427059964168 0.508339528526534 0.6448215560387404 0.4488885382125929 0.7672002024191864 0.5195379227200837 0.8015213523768627
3 0.7095522166098457 0.10185310542656474 0.6407157534372111 0.048867142422294216 0.5490215951436817 0.16799117438543043 0.6178580583163162 0.22097713738970093
2 0.6177084364394798 0.3264773432877011 0.5543798972723981 0.2936489459045566 0.4956694066725792 0.4069060616898742 0.5589979458396608 0.4397344590730188
2 0.2883082054580607 0.5640086912719363 0.2625246319527067 0.4494150312481411 0.1804306404298037 0.46788617934079424 0.20621421393515763 0.5824798393645895
2 0.7497373764215578 0.05592603822258342 0.6760972239220535 0.05184212130741034 0.6688192214378254 0.1830772134903793 0.7424593739373296 0.18716113040555238
0 0.38517727830735 0.9034690524130242 0.32413811103888224 0.8944336494228591 0.30874796340400346 0.9984026474624906 0.36978713067247126 1.0074380504526559
0 0.3216818415321089 0.7605443222572094 0.28671875 0.6319444437499999 0.20474413280944342 0.6542312925200969 0.23970722434155228 0.7828311710273063
0 0.8342748398437501 0.5571380882812501 0.8078926283052885 0.42522703058894235 0.72646233984375 0.4415130882812501 0.7528445513822116 0.5734241459735578