1 0.5041828562888939 0.134901551178268 0.48771229999999993 0.05932094687500002 0.4501363242330835 0.06750951892578416 0.4666068805219775 0.14309012322905212
1 0.5519512786351721 0.1391271506506147 0.518302234375 0.12443533281250008 0.4885272667880624 0.19262969876623867 0.5221763110482345 0.2073215166043533
1 0.45639270132872867 0.25862685560663656 0.41705856465703467 0.23491318271828282 0.3724745841296226 0.3088651340541146 0.4118087208013166 0.33257880694246833
3 0.4222983186831347 0.3877875816570312 0.39337979999999995 0.32494760312500004 0.35619169465367095 0.3420613091505364 0.38511021333680573 0.4049012876825676
3 0.46622839800717203 0.035938061942329645 0.4288562734375 0.02214909843750006 0.403385669180328 0.09118188649517045 0.4407577937499999 0.10497085000000003
3 0.398543726749462 0.05114614553906203 0.3570689720195924 0.030359562288562868 0.3224167111117137 0.09950002682138612 0.3638914658415833 0.12028661007188528
2 0.42093556275300487 0.20856337931155394 0.38803170468750003 0.14297822499999996 0.3507729325168034 0.1616708295088775 0.3836767905823083 0.2272559838204315
2 0.3414891087038915 0.03638860573062154 0.3042238804513774 0.034275290114217205 0.29992190754013365 0.11013428686284026 0.33718713579264775 0.11224760247924459
2 0.5683638862421634 0.2100810025423116 0.5390938648643346 0.20377974102841287 0.5248680818011983 0.26985999709395203 0.554138103179027 0.2761612586078508
0 0.4846930433437344 0.5191274924158771 0.48442850791484143 0.45500748984955086 0.45269931160300214 0.45513839278496643 0.45296384703189513 0.5192583953512926
0 0.551123108330334 0.3133416053578222 0.5220377609375 0.3020152140625 0.49777383698216593 0.36432320245467786 0.5268591843749999 0.37564959375000007
0 0.29076867741096124 0.23680493864267524 0.25090368814607483 0.22504901549543646 0.23103923963597722 0.2924104652675823 0.27090422890086363 0.3041663884148211