3 0.2259393359375 0.5198347906250002 0.2139354815384019 0.4909904275194542 0.162306470284088 0.5124763286502378 0.17431032468318614 0.5413206917557838
3 0.6757176798076243 0.4752607206915779 0.6689569702116345 0.4491147688728212 0.607144073247428 0.4650980862352453 0.6139047828434178 0.491244038054002
3 0.681758182232131 0.5953536554744097 0.6136493621144102 0.5806289465086746 0.6062487237516959 0.6148604378186452 0.6743575438694167 0.6295851467843804
1 0.6026704376258678 0.510981408728433 0.5822017806772547 0.48256720933352126 0.5297917040485792 0.520321708914987 0.5502603609971923 0.5487359083098987
1 0.5750932837442251 0.6747702818731709 0.5733350958307428 0.6423319969156698 0.507564942826207 0.6458968058515293 0.5093231307396893 0.6783350908090302
1 0.44340983749999996 0.45563244687500004 0.4275395576572948 0.42560743820591895 0.36902594375000003 0.4565359031250001 0.3848962235927052 0.486560911794081
0 0.35020281171974216 0.641356099092574 0.3282884919049649 0.611735075812566 0.2779984566384127 0.6489408099261297 0.29991277645319 0.6785618332061376
0 0.2150972546875 0.4748198203125001 0.2030814402811481 0.4439479114233077 0.14810978652328308 0.46534371145418885 0.16012560092963496 0.49621562034338124
0 0.49758329422088526 0.7082269550782596 0.4779349772398519 0.6737270038414745 0.4252713229989976 0.7037198628111001 0.444919639980031 0.7382198140478852
2 0.31209045625000004 0.3899666406250001 0.2507127597860549 0.3850223042528616 0.24791431088866847 0.4197615157598974 0.3092920073526136 0.42470585213203593
2 0.4199371320199895 0.40690555166266973 0.4175476265625 0.37305864218749996 0.36139463829251045 0.37702289989983023 0.36378414374999996 0.410869809375
2 0.3499778609375 0.7427932812500001 0.3325227797104322 0.7104495417865949 0.2845320066031339 0.7363489231393744 0.3019870878302016 0.7686926626027796