3 0.5634629947246149 0.4770954828455352 0.533354426096091 0.45471366597370055 0.4928891003501752 0.5091486139617551 0.5229976689786991 0.5315304308335898
3 0.5024492549372838 0.8193216039885692 0.5009574931845001 0.7433933874483489 0.46788840349078653 0.744043095889457 0.4693801652435702 0.8199713124296772
3 0.44540778460075703 0.8016264611263717 0.4267028187500001 0.7286636781250001 0.38425649026193326 0.7395453508381199 0.4029614561126902 0.8125081338394915
1 0.6237179301831878 0.7169818528112597 0.609759790625 0.6458638156250001 0.5742702953906957 0.6528292402476269 0.5882284349488834 0.7239472774338865
1 0.5724348374810252 0.7247861129847513 0.5378355319996747 0.7048635967296663 0.5022828382686498 0.766607730619915 0.5368821437500003 0.7865302468750002
1 0.5616258059949966 0.6016246370328834 0.5374140015624999 0.5272106890625 0.4947641350675204 0.5410875260643417 0.5189759395000172 0.6155014740347251
2 0.5094761809585096 0.6483411288742423 0.47761083213126804 0.6257716931450085 0.4355992462557679 0.6850870369032226 0.46746459508300947 0.7076564726324565
2 0.39965654453852417 0.7448740178409982 0.36883983200202614 0.736152162908146 0.3500248480486047 0.8026306765196768 0.3808415605851027 0.8113525314525291
2 0.6696854526194796 0.5782354798162818 0.6345140411559248 0.5751691043513742 0.6284196153939801 0.6450723365421261 0.6635910268575349 0.6481387120070335
0 0.3929919963344215 0.6219684201647497 0.3865098390625001 0.5566303218750001 0.3482442536655786 0.5604266298352503 0.3547264109375 0.625764728125
0 0.6714362665403344 0.3487939492447465 0.6378960526991786 0.33456282469677656 0.6155342861588442 0.3872655067020302 0.6490745 0.4014966312500001
0 0.6764721012845593 0.5472207110433212 0.6741656725050451 0.48107730987551794 0.636597782759242 0.4823873069510465 0.6389042115387562 0.5485307081188496