3 0.44529927824055127 0.5984780450171232 0.4117499921781495 0.5859323937885893 0.3899518576617144 0.644224453498913 0.42350114372411624 0.6567701047274469
3 0.46721820611389137 0.06236685230313842 0.4274423371742134 0.05086392533471097 0.40554848999819393 0.1265704649179788 0.44532435893787187 0.13807339188640627
3 0.29624020348075264 0.1542909547936771 0.27121821222345244 0.07048651458765783 0.22634185158906117 0.08388551708314299 0.25136384284636143 0.16768995728916228
1 0.4258968414889145 0.17909775822011814 0.3850745592325698 0.15346794440738187 0.3443526315063368 0.21832842446427056 0.38517491376268154 0.24395823827700683
1 0.5078974538326174 0.3536046846719357 0.46753849089585725 0.3358648220234475 0.43801197022760324 0.4030389471513612 0.4783709331643634 0.4207788097998494
1 0.2351676765197451 0.29203069256671454 0.22633517747837878 0.21265093923131406 0.17854828894380254 0.2179681344786731 0.18738078798516888 0.29734788781407356
2 0.5682061280631661 0.5443382352906707 0.5597450796875001 0.4753077812499999 0.5211209302067322 0.4800419352080949 0.5295819785823983 0.5490723892487657
2 0.5751812312500001 0.3545328796875001 0.5403382683426833 0.349990368829545 0.5317708996430021 0.41570567896326355 0.5666138625503189 0.4202481898212186
2 0.17611833168836458 0.5005579948475989 0.13204317067214452 0.4837371386535801 0.1087724804451287 0.5447125971489097 0.15284764146134874 0.5615334533429286
0 0.5000067744134016 0.6010826154228337 0.46827814592905026 0.5911356664986379 0.44943326682814877 0.6512467792008045 0.48116189531250014 0.6611937281250002
0 0.29039224495166926 0.4932424571818057 0.2521344514306299 0.47102994361316164 0.21631134535624968 0.532729984504103 0.2545691388772891 0.5549424980727471
0 0.19593797667146778 0.33319290640977367 0.1491544479200963 0.31653253386162106 0.12675857721161227 0.379421755466605 0.17354210596298375 0.3960821280147576