1 0.41667026062390305 0.31881801972469104 0.4078125 0.26527777812500003 0.3852230698393967 0.26901500005405 0.39408083046329967 0.32255524165374105
1 0.52734375 0.2375000000000001 0.49765625 0.2375000000000001 0.49765625 0.2986111109375001 0.52734375 0.2986111109375001
1 0.608497738164661 0.3579560039295472 0.5782690171081307 0.35204168910094114 0.5658191569695253 0.4156743093162937 0.5960478780260556 0.4215886241448997
3 0.591731539459208 0.5288044377181761 0.5689663932182466 0.525356831419917 0.5616820892628952 0.5734563620684499 0.5844472355038566 0.576903968366709
3 0.5489661059815579 0.1793449543735593 0.5261021841179325 0.17755871047796357 0.5216673281363746 0.2343248670419044 0.54453125 0.23611111093750012
3 0.45205748481963265 0.2321336421804258 0.42897253020026804 0.17846605221609735 0.40035254538063547 0.19077685378567158 0.4234375 0.24444444374999996
0 0.480049146884273 0.45074596074740364 0.450375556305638 0.4340545660469214 0.424232659421365 0.48053082717451784 0.45390625 0.497222221875
0 0.6335620009359146 0.5343382138000872 0.6062904354639351 0.5315490763430342 0.6006562499194888 0.5866388889903454 0.6279278153914684 0.5894280264473984
0 0.4026976537635095 0.3346455879311646 0.37113538932344287 0.32436708740810677 0.35437523555993333 0.37583261041444216 0.3859375 0.3861111109375
2 0.6745092067896101 0.5019141482068031 0.65859375 0.4513888890624999 0.6288284609801853 0.46076495519750227 0.6447439177697953 0.5112902143418054
2 0.6578125 0.3694444437500001 0.63046875 0.3694444437500001 0.63046875 0.41944444374999995 0.6578125 0.41944444374999995