3 0.5190085517925581 0.5182203626858412 0.48261355972984976 0.45992985869239245 0.4515659136981595 0.47931515738557484 0.4879609057608679 0.5376056613790235
3 0.5361917647078039 0.7508049305580271 0.5030973991763206 0.7487282404568416 0.4983730079060166 0.8240166677113147 0.5314673734375001 0.8260933578125002
3 0.6202559475908463 0.7493267975476543 0.5779966734374999 0.7358948734375 0.5555232524091538 0.8066003399523458 0.5977825265625001 0.8200322640625002
1 0.42777956700051406 0.6533295449369362 0.39439797409847754 0.648373991667605 0.38342430419980494 0.7222948156986756 0.41680589710184146 0.7272503689680068
1 0.4957594900919998 0.7811668050879973 0.47194637285334623 0.7085123386251223 0.43521691936882406 0.7205507283418169 0.45903003660747765 0.7932051948046919
1 0.5177842801608868 0.5494834398803823 0.47540450468750006 0.5321097078125001 0.4464122729641133 0.6028305101196179 0.48879204843750007 0.6202042421875001
2 0.5699107605453321 0.694045154944108 0.5314773140536126 0.6319780192188482 0.4985964070537389 0.6523386587910164 0.5370298535454584 0.7144057945162761
2 0.6494960186274193 0.8122842265420079 0.6370957403674573 0.7463257334802733 0.6049030433332652 0.7523780003322313 0.6173033215932271 0.8183364933939659
2 0.3790122237728274 0.6479914062804468 0.3764157550313671 0.5783664505900658 0.3411068011019191 0.5796831996531339 0.3437032698433794 0.6493081553435149
0 0.6606458125417398 0.5684363353390656 0.6236597014459561 0.5648550532401553 0.6172341404667164 0.6312157882135899 0.6542202515625002 0.6347970703125002
0 0.39983482314299246 0.39540133076339257 0.38385122271218214 0.3373265833536271 0.3491612045294413 0.3468741305113997 0.3651448049602517 0.4049488779211653
0 0.3770902752738528 0.48500616797498985 0.3396387142886277 0.4827988323684537 0.33574577022186575 0.5488498812876508 0.37319733120709087 0.551057216894187