1 0.6627824546875001 0.8155820171875001 0.6153197890495923 0.7981466338965705 0.6037383814814 0.8296735849164196 0.6512010471193078 0.8471089682073496
1 0.7674723917893778 0.9660623670801931 0.7614262908118203 0.929262438349633 0.7000831427443295 0.9393409053546332 0.7061292437218871 0.9761408340851933
1 0.7405330181310023 0.7131354786835523 0.6838305775620761 0.7071529506418747 0.6798974282487764 0.7444313659927778 0.7365998688177026 0.7504138940344555
3 0.9257221946367633 0.7203553836531246 0.8707945158728329 0.7200834382291544 0.8706378112055326 0.7517347287734989 0.925565489969463 0.7520066741974689
3 0.5835811755044491 0.8117893463594783 0.583227380643251 0.780595308020396 0.5258873657431946 0.7812456439080467 0.5262411606043926 0.812439682247129
3 0.6614707184621242 0.9233044235826405 0.6387887891508843 0.892889513862734 0.594596546480246 0.9258458939273618 0.617278475791486 0.9562608036472684
0 0.9071694193317261 0.678387253697428 0.8500940816906019 0.6696624177037196 0.8458274587803277 0.697573422949762 0.9029027964214521 0.7062982589434703
0 0.919174226245518 0.8761023748169359 0.8709793934360155 0.8598743671846989 0.8591752251832296 0.8949310376208242 0.9073700579927323 0.9111590452530611
0 0.8472909805126424 0.966990944189515 0.7965432979826375 0.9552612268518434 0.787821868437173 0.9929937932078623 0.8385695509671779 1.0047235105455337
2 0.7140737734939048 0.6765363011105961 0.710021547729301 0.6485734191694734 0.6537596984612384 0.6567265743288139 0.6578119242258419 0.6846894562699365
2 0.7992202374999999 0.655538190625 0.755294376416484 0.6220617384828893 0.7334094535403927 0.650777866404623 0.7773353146239087 0.6842543185467337