2 0.37477198304681236 0.669968645417912 0.3189525952549002 0.6516516995321543 0.3079373498241994 0.6852197550450256 0.36375673761611155 0.7035367009307834
2 0.3020724495780695 0.7156606064649669 0.2912778612597446 0.6874446176505529 0.23077716273184928 0.7105903644778303 0.2415717510501742 0.7388063532922443
2 0.6602826509123146 0.972764140698404 0.6550571333828052 0.93141797692633 0.6043109370737205 0.9378315136169613 0.60953645460323 0.9791776773890353
1 0.3141524930196217 0.8690906332041838 0.25916293849991506 0.8622392378725555 0.25442212136062387 0.900289213086445 0.3094116758803306 0.9071406084180733
1 0.46974075312500013 0.9672873125000001 0.4064883609375002 0.9672873125000001 0.4064883609375002 1 0.46974075312500013 1
1 0.3516122354083212 0.7503351090128502 0.2846182628339026 0.7501621285715908 0.2845143042178022 0.7904244878603163 0.3515082767922208 0.7905974683015756
3 0.5209921494692434 0.7415729942374243 0.5150677992635668 0.7091240810121536 0.46135595706745003 0.7189305038390982 0.46728030727312664 0.7513794170643688
3 0.3574226093750001 0.968827475 0.29848304687500005 0.968827475 0.29848304687500005 1 0.3574226093750001 1
3 0.23164465252664232 0.8925940356165233 0.2258404275585315 0.8569606708248723 0.15837203677255762 0.8679504193554394 0.16417626174066846 0.9035837841470904
0 0.48577684747278205 0.7012190868052862 0.482832133101354 0.670766554728106 0.42317181968721407 0.6765356179334009 0.42611653405864225 0.706988150010581
0 0.573229925 0.8652516718750001 0.5255815021731025 0.8589843624336329 0.5206577933850733 0.8964178034346494 0.5683062162119707 0.9026851128760166
0 0.5532559421875002 0.9711673968750001 0.49790497500000014 0.9711673968750001 0.49790497500000014 1 0.5532559421875002 1