3 0.5417993104042491 0.6845431924820684 0.48046874649168425 0.6569444421712582 0.4271975707814306 0.7753248474360381 0.4885281346939955 0.8029235977468485
3 0.4903261116038137 0.2434300522210126 0.4585937499999999 0.11388888906250001 0.3992989277932669 0.12841372961218328 0.43103128939708074 0.2579548927706959
3 0.6432679575085538 0.22814306922936162 0.5875000000000001 0.10972222187499998 0.5145445424914463 0.1440791526456383 0.5703125 0.2624999999999999
1 0.4172547206199894 0.22283248588570567 0.34609375 0.20138888906250005 0.31212147683140884 0.31412650266229625 0.3832824474513983 0.33557009948550187
1 0.33024744684719354 0.4463507681597233 0.29388831361100565 0.3295043250632044 0.222069076668069 0.35185233271948 0.25842820990425686 0.46869877581599884
1 0.5193902520944771 0.6304647839076699 0.45218874869112663 0.5136503190643228 0.37974934611800076 0.555323555037991 0.4469508495213511 0.6721380198813381
2 0.5724047585465267 0.3642232712636651 0.5132812499999999 0.33194444375000004 0.45935964898940024 0.4307099344371374 0.518483157535927 0.46298876195080246
2 0.6845489920467063 0.11140824092570742 0.6200974967304541 0.10927565466794475 0.6161395922927142 0.22889232124010284 0.6805910876089665 0.2310249074978655
2 0.2665616225291575 0.5966613864254581 0.24833814288681683 0.48700899641040785 0.17215746521076847 0.4996697056624235 0.19038094485310914 0.6093220956774738
0 0.36408154935739545 0.9098084983638683 0.30264854089643367 0.9027692994777163 0.2916734162471887 0.9985522055074905 0.35310642470815046 1.0055914043936425
0 0.7758026882216281 0.5592454317078699 0.7448596110042092 0.44555827416048627 0.67545478737105 0.4644486999858228 0.706397864588469 0.5781358575332064
0 0.3032741280409304 0.7713282161889751 0.26796875000000003 0.6541666671875002 0.19066880331933975 0.6774601782699637 0.22597418136027012 0.7946217272714386