3 0.5609355577921553 0.7632203402455462 0.5305336518887946 0.7609401973312959 0.526197528339299 0.8187551787139243 0.5565994342426597 0.8210353216281746
3 0.48984375 0.3166666671875001 0.4625 0.3166666671875001 0.4625 0.3805555562500001 0.48984375 0.3805555562500001
3 0.3742492578529066 0.3965475454033961 0.3431840329647159 0.3348231765920208 0.3122459801813847 0.35039397279171847 0.3433112050695754 0.4121183416030937
1 0.479444757913421 0.408754950743231 0.4461010324824876 0.3945005086204124 0.42134377456906663 0.45241222506468154 0.4546875 0.4666666671875001
1 0.3374047702389354 0.5125815231907229 0.324687550897061 0.44927803107301 0.2927724535495094 0.4556895461365292 0.30548967289138385 0.5189930382542421
1 0.572716678050974 0.544442911250315 0.5393620001898557 0.5372267548435122 0.5252390721388819 0.6025060654681974 0.5585937500000002 0.6097222218750001
0 0.42034615924282964 0.7088111866941206 0.385348320476875 0.6655013568902685 0.3532834112340454 0.691412392071148 0.38828125 0.7347222218750001
0 0.6118268997988687 0.7655130686934806 0.5787839826345242 0.7624152952480454 0.5731798563697281 0.8221926428197539 0.6062227735340727 0.8252904162651891
0 0.31606110398969084 0.5449404352893042 0.2780404853195877 0.5362273768440723 0.2642656785051547 0.5963356247615981 0.3022862971752578 0.60504868320683
2 0.658102190238779 0.7081599776432235 0.63828125 0.6513888890625001 0.6055280826775264 0.6628242620377139 0.6253490229163055 0.7195953506184373
2 0.6356924019674959 0.6013276151687039 0.6281249999999999 0.5458333328125 0.5956558485193721 0.5502609442774127 0.6032232504868682 0.6057552266336165
2 0.3197355773992344 0.6964957271050732 0.2828125000000001 0.6861111109375 0.268316600040294 0.7376520853506991 0.3052396774395283 0.7480367015182724