3 0.6436720996557669 0.46151282020617523 0.5811843421165288 0.45795016569730274 0.5792532428685948 0.49182099467849916 0.6417410004078329 0.49538364918737166
3 0.14849326533800547 0.3000129310100569 0.06942013949693718 0.2935661233225395 0.06612339637759689 0.3340022269224682 0.14519652221866516 0.34044903460998566
3 0.23971162606108024 0.16892440517478902 0.16940288917610932 0.1166336627706622 0.14151764434660272 0.1541274188649732 0.21182638123157363 0.2064181612691
1 0.26639986251571873 0.31910711983732865 0.2563326200447207 0.27234464522428287 0.18084361205095453 0.288596269067054 0.19091085452195258 0.33535874368009977
1 0.40182997326644737 0.46551444617181376 0.3988787905654153 0.4218818740147908 0.3252056046046052 0.42686491813043465 0.3281567873056373 0.4704974902874576
1 0.3841775359373081 0.15130180637261542 0.309530671564053 0.11936250283671497 0.2908957809390321 0.16291499143537275 0.36554264531228725 0.1948542949712732
2 0.5057009996197062 0.5560606783008584 0.44250736716056815 0.5251851188467173 0.4254355386028932 0.560126375891193 0.4886291710620312 0.591001935345334
2 0.3782497078125 0.5160070421875 0.31581649571658665 0.4986054648618854 0.30606128125 0.5336051296875 0.36849449334591333 0.5510067070131146
2 0.6463110659421363 0.20900049479662536 0.6454373217901662 0.16221113487448752 0.5798042351127097 0.16343676663682824 0.5806779792646798 0.21022612655896605
0 0.6308647926767418 0.5178158031010189 0.5666353541472902 0.5125791954468799 0.5639092005046753 0.5460167430683389 0.6281386390341269 0.5512533507224779
0 0.6052592919024483 0.30172923776048666 0.5974913758868929 0.25852691538875605 0.526786591329142 0.2712398622441764 0.5345545073446973 0.314442184615907
0 0.4832623988002235 0.17156752049921023 0.4703088548116212 0.11450510300781176 0.4157558640624999 0.12688899062499998 0.42870940805110214 0.18395140811639846