3 0.23424306264658684 0.4456318371497924 0.19190508984424012 0.4374453933498551 0.18031827719765336 0.4973691124500629 0.22265625000000008 0.5055555562500001
3 0.23628472187500002 0.19001736093750005 0.18350694453125 0.13723958359375002 0.15269097265625 0.16805555546875 0.20546875 0.22083333281250006
3 0.16806318774943324 0.2466264209768884 0.12317326709224859 0.18751212143014448 0.08791755217053726 0.2142844296141652 0.13280747282772193 0.27339872916090907
2 0.2145358203306274 0.2731255786954301 0.17145850941016944 0.26440242314680573 0.15844912863943067 0.3286462781623364 0.20152643955988864 0.3373694337109606
2 0.25093779835324703 0.18017821508394288 0.23560231188964947 0.10582434039162221 0.19928272968828803 0.11331525412701657 0.21461821615188556 0.18766912881933726
2 0.09833458880232589 0.4729314594663716 0.05513279874918755 0.44400168830829595 0.020274173195130495 0.4960572339432277 0.06347596324826883 0.5249870051013034
1 0.12138244140220708 0.26603433954953104 0.07686584835102678 0.2652265788015501 0.07573652042631557 0.32746509654503686 0.12025311347749587 0.32827285729301786
1 0.1065864926567555 0.370966261874911 0.058156614641836434 0.3518334789309711 0.03484745931751214 0.4108348041587463 0.08327733733243121 0.4299675871026862
1 0.21271743353159858 0.40237814959107815 0.15625000000000006 0.37500000000000006 0.1318138164684015 0.425399628533922 0.18828125000000004 0.45277777812500003
0 0.18107840215106968 0.6804525248856532 0.17696857905810898 0.6249699200660098 0.13537900704799927 0.6280506294888843 0.13948883014095997 0.6835332343085277
0 0.33656854480127185 0.2951536828283983 0.2985679982988872 0.2322562265485891 0.26401579865659774 0.25313151383247223 0.3020163451589825 0.3160289701122815
0 0.1311742107076957 0.5443389040487593 0.0838582349403328 0.5199416048061284 0.05363674319234866 0.5785529845732185 0.10095271895971156 0.6029502838158493