3 0.40728698188814266 0.5779874535137616 0.4048762548642314 0.5440876465719231 0.34240526978323593 0.5485301642595163 0.34481599680714725 0.5824299712013548
3 0.9335681042295028 0.6761313473395796 0.9316764439666386 0.6355166654404971 0.8525298843646472 0.639202977747793 0.8544215446275112 0.6798176596468755
3 0.8773839836169903 0.8236774413587196 0.8009331911398652 0.7811595706161425 0.7780203594881194 0.8223588147710664 0.8544711519652445 0.8648766855136435
1 0.8235741693402628 0.696131058588102 0.809904408833796 0.651156809623257 0.7345806063296934 0.6740512072922951 0.7482503668361602 0.7190254562571401
1 0.6644350390625 0.57438551875 0.6527098554501057 0.5298861918640554 0.5840187154033921 0.5479857067546233 0.5957438990157864 0.592485033640568
1 0.7277453033476725 0.8369018647832729 0.6518968468912473 0.8112227419107626 0.6364352289151263 0.8568917417294095 0.7122836853715515 0.8825708646019198
2 0.5504178656250001 0.4568048453125 0.4843711987800079 0.43361522770320243 0.47144086731674156 0.4704422814622634 0.5374875341617338 0.4936318990715611
2 0.67198445 0.46758045625000005 0.6050585430246396 0.46181722421936494 0.6020522101563243 0.4967284602779397 0.6689781171316846 0.5024916923085748
2 0.44058457557603914 0.8724798673020373 0.4374922949324983 0.8256498200933893 0.3711093809339653 0.8300332152051839 0.3742016615775062 0.876863262413832
0 0.4156811419128452 0.5217862527139918 0.414116884710793 0.4882010350014846 0.35024422365971003 0.49117595304187567 0.35180848086176236 0.5247611707543829
0 0.4818620430803362 0.7534716664036518 0.4657423047137373 0.7117726398984889 0.4002592716885509 0.7370866447634866 0.41637901005514977 0.7787856712686495
0 0.6079890328124999 0.8861991703125 0.5960380138916213 0.8355888303904582 0.5361459918012466 0.8497316061614626 0.5480970107221254 0.9003419460835044