1 0.8933513953125003 0.6526066468750001 0.8283808147574977 0.6123834934854311 0.8084096384453694 0.6446420015839477 0.873380219000372 0.6848651549735167
1 0.8403265171875001 0.6011862953125 0.8379323131238664 0.5641498775967428 0.763293678057207 0.5689748616098333 0.7656878821208407 0.6060112793255905
1 0.7074103546874999 0.6587157187500001 0.6940262292402595 0.6116349225471208 0.6145315351651782 0.6342336686113563 0.6279156606124188 0.6813144648142356
3 0.6165494734375001 0.6538074921875002 0.5662773419918412 0.6057830698000685 0.5386707858820373 0.6346817082119534 0.5889429173276963 0.6827061305993851
3 0.912868129049899 0.6823002378770984 0.8373175996212654 0.6810117024741922 0.8366436924463665 0.720524814597094 0.9121942218750002 0.7218133500000002
3 0.8840966562499999 0.7851245531250001 0.8462581159096201 0.7258175377318349 0.8017307165417689 0.7542265174463461 0.8395692568821487 0.8135335328395114
2 0.7868574609374999 0.7203515218750003 0.735012876157473 0.667548675042361 0.7060107917186801 0.6960244318561978 0.7578553764987068 0.748827278688837
2 0.875145352478849 0.8012753821897514 0.8036277124805512 0.7802011108316593 0.7930442228473823 0.8161172375935013 0.86456186284568 0.8371915089515933
2 0.77428985034562 0.5225572670161227 0.7070294864785873 0.5158335470659502 0.7040261091887051 0.5458776671132585 0.7712864730557378 0.552601387063431
0 0.5191898620620788 0.5223698381290387 0.45982599408774705 0.5008777463127854 0.4490327099187931 0.5306901583335955 0.508396577893125 0.5521822501498488
0 0.6737171609374999 0.5376757890625001 0.6725793415442901 0.5057972258910975 0.6055351968749999 0.5081901859375 0.6066730162682098 0.5400687491089025
0 0.6735935974920733 0.7824505258483889 0.6025475800758924 0.7787455723586104 0.6003454579498761 0.8209733647854603 0.6713914753660571 0.8246783182752389