1 0.338702559375 0.35362199531250005 0.2923798129439978 0.3287136631238311 0.2808246515625 0.3502031312500001 0.32714739799350223 0.375111463438669
1 0.2810025108671584 0.46516691873352406 0.27988518154912145 0.43400563788661917 0.22197023775327968 0.4360822554997871 0.2230875670713166 0.46724353634669197
1 0.3732635710821735 0.5696232874119169 0.3710167355186777 0.537020831661714 0.3113593671875 0.5411321875 0.3136062027509958 0.573734643250203
3 0.5277317063555966 0.5801814193571602 0.4799413226648719 0.5729187869323555 0.47646483350069413 0.5957951685712304 0.524255217191419 0.6030578009960351
3 0.21646940237568266 0.4547174435038346 0.16146377667292983 0.44095787424855865 0.1557413011642979 0.46383419690671773 0.21074692686705082 0.47759376616199367
3 0.2562053390625 0.359903659375 0.21006000513967202 0.3243300811085506 0.19112521107948735 0.34889191709037715 0.2372705450023153 0.38446549535682656
0 0.4880661218749999 0.4547579140625001 0.47980943035826673 0.4221169458003048 0.4288309590541374 0.43501219780912265 0.4370876505708706 0.467653166071318
0 0.5251283682228196 0.6165058605699012 0.473716684375 0.614670596875 0.47271376843901736 0.6427655225088096 0.5241254522868369 0.6446007862037109
0 0.402729875 0.360347471875 0.400979163228393 0.3272816779675651 0.3480290502650167 0.33008519105823547 0.3497797620366237 0.36315098496567033
2 0.44316362812500004 0.6432368640624999 0.4004920267048451 0.6139239208116862 0.3821613765625001 0.6406083171875001 0.424832977982655 0.6699212604383138
2 0.3602350875000001 0.6051738234375001 0.3122683167348913 0.5921587391240595 0.3050235718034965 0.6188590670671545 0.3529903425686053 0.6318741513805952